dfs(-1,0,0,1): 1
dfs(-1,1,0,0): 1
dfs(-1,0,0,0): 1
dfs(-1,2,0,0): 1
dfs(-1,0,0,0): 1
dfs(-1,1,0,0): 1
dfs(-1,0,0,0): 1
dfs(-1,3,0,0): 1
dfs(-1,0,0,0): 1
dfs(-1,1,0,0): 1
dfs(0,0,0,1): 10
dfs(-1,0,0,0): 1
dfs(-1,1,0,0): 1
dfs(-1,0,0,0): 1
dfs(-1,2,0,0): 1
dfs(-1,0,0,0): 1
dfs(-1,1,0,0): 1
dfs(-1,0,0,0): 1
dfs(-1,3,0,0): 1
dfs(-1,0,0,0): 1
dfs(-1,1,0,0): 1
dfs(0,1,0,0): 10
dfs(-1,0,0,0): 1
dfs(-1,1,0,0): 1
dfs(-1,0,0,0): 1
dfs(-1,2,0,0): 1
dfs(-1,0,0,0): 1
dfs(-1,1,0,0): 1
dfs(-1,0,0,0): 1
dfs(-1,3,0,0): 1
dfs(-1,0,0,0): 1
dfs(-1,1,0,0): 1
dfs(0,0,0,0): 10
dfs(-1,0,0,0): 1
dfs(-1,1,0,0): 1
dfs(-1,0,0,0): 1
dfs(-1,2,0,0): 1
dfs(-1,0,0,0): 1
dfs(-1,1,0,0): 1
dfs(-1,0,0,0): 1
dfs(-1,3,0,0): 1
dfs(-1,0,0,0): 1
dfs(-1,1,0,0): 1
dfs(0,2,0,0): 10
dfs(0,0,0,0): 10
dfs(0,1,0,0): 10
dfs(0,0,0,0): 10
dfs(-1,0,0,0): 1
dfs(-1,1,0,0): 1
dfs(-1,0,0,0): 1
dfs(-1,2,0,0): 1
dfs(-1,0,0,0): 1
dfs(-1,1,0,0): 1
dfs(-1,0,0,0): 1
dfs(-1,3,0,0): 1
dfs(0,3,0,0): 8
dfs(0,0,0,0): 10
dfs(0,1,0,0): 10
dfs(1,0,0,1): 98
dfs(2,0,1,1): 98
