2
5
0010110
1010100
11111
001010
100001
0 10000000000000000000000000000000000000000000000000000000000000000000000000000000000000000000000000000
18
0010110
1010100
11111
001010
100001
10101001
001010101
01010101
010101010
1010010101
010101010
010101010
010111101
110101010
10101010
1010101010
1010010
100000011
100000000000000000000000000000000000000000000000000000000000000000000000000000000000000000000000000000000000000000000000000000000000000000000000000000000000000000000000000000000000000000000000000000 200000000000000000000000000000000000000000000000000000000000000000000000000000000000000000000000000000000000000000000000000000000000000000000000000000000000000000000000000000000000000000000000000000
