14 90
574 9 74
44 954
79 566
37 818
33 214
19 626
32 740
22 16
17 242
40 223
80 680
75 109
79 256
39 863
87 172
53 109
59 749
81 941
80 729
23 372
84 677
61 247
72 119
56 22
89 483
30 800
71 682
78 616
72 404
86 895
76 548
53 891
69 556
46 985
25 238
62 984
21 386
62 638
54 240
15 332
31 968
84 773
77 964
54 938
21 589
44 129
10 946
23 536
85 876
53 898
37 18
43 94
76 482
48 772
56 213
85 105
80 488
38 493
3 879
78 145
3 209
76 851
7 216
9 71
59 321
82 485
38 833
89 801
86 303
87 881
71 574
36 917
22 286
20 654
5 607
988 13 85
74 565
89 338
54 203
85 980
26 625
28 536
10 810
28 160
21 704
39 859
72 363
24 669
4 666
68 317
83 973
40 180
64 384
77 539
68 499
37 316
26 364
6 562
56 311
84 919
80 352
20 531
1 307
18 896
62 124
31 579
45 884
14 934
72 68
10 633
4 49
84 271
81 924
60 569
40 461
38 825
19 354
9 408
61 802
72 174
62 944
7 497
70 885
48 994
11 470
66 115
56 863
24 579
29 808
83 881
57 747
66 862
79 45
29 275
56 120
50 804
53 809
83 982
53 844
87 42
40 527
54 253
39 346
21 216
80 385
31 826
14 914
47 581
55 626
80 642
41 612
4 753
3 546
41 453
32 210
87 62
44 522
33 811
16 840
39 572
78 343
553 3 31
19 699
52 332
83 681
84 421
57 701
12 35
70 428
59 364
18 529
25 403
30 220
27 360
56 835
62 543
88 199
7 345
89 277
25 855
48 693
75 123
13 44
1 635
21 415
30 815
2 280
76 504
68 432
31 789
18 108
27 57
27 371
232 13 73
45 826
41 684
6 384
31 809
31 630
19 682
17 946
38 755
69 517
48 432
22 870
35 67
30 166
50 957
82 879
77 929
62 164
86 195
79 100
33 817
66 973
11 796
32 34
79 707
90 454
38 208
66 537
89 740
23 726
61 551
14 495
86 609
67 369
1 535
46 318
86 925
84 278
53 250
77 350
23 102
33 244
33 560
3 475
33 226
78 637
66 754
54 437
67 786
52 896
58 938
3 351
82 693
40 307
44 333
61 370
78 873
53 141
48 352
82 428
45 60
28 196
7 74
48 980
41 549
49 36
33 210
44 378
3 584
54 152
53 797
36 373
65 472
85 389
991 5 36
48 692
75 199
52 933
86 548
77 608
57 458
83 691
39 85
38 913
40 39
83 454
54 126
37 726
72 165
16 783
89 371
18 8
22 424
67 398
67 429
68 160
40 528
62 771
33 647
30 714
37 193
11 119
17 917
18 525
62 311
48 360
26 383
27 419
15 414
87 933
87 736
467 7 32
13 464
52 440
57 475
9 633
41 812
45 207
31 321
55 671
50 721
90 274
37 193
8 100
7 227
41 29
55 52
35 445
1 217
26 751
62 387
38 971
88 48
89 661
3 715
31 778
35 437
14 252
26 483
54 451
23 991
4 462
63 502
61 288
778 0 57
62 829
1 569
75 187
15 146
14 745
88 455
76 420
33 939
39 40
89 281
18 604
29 933
1 538
70 768
58 600
25 857
4 871
82 829
28 784
90 959
3 260
36 265
28 442
15 471
14 279
76 55
86 92
34 946
33 186
43 623
6 776
14 506
58 523
47 995
10 234
55 702
71 736
41 884
36 278
15 796
87 588
85 908
32 661
49 449
75 63
3 436
54 275
90 969
81 527
84 886
54 583
44 78
18 795
84 595
36 314
61 619
11 423
449 4 0
251 13 24
80 765
56 895
32 199
13 962
44 361
32 753
33 163
80 563
39 733
86 29
8 595
78 966
90 749
40 778
73 527
3 94
88 638
1 594
27 153
18 383
12 874
60 970
54 686
29 770
310 7 70
13 815
3 640
64 131
39 4
28 495
44 233
20 150
75 466
61 184
35 226
16 196
27 786
87 599
79 361
89 994
58 171
20 485
13 286
58 713
84 287
20 476
35 792
25 55
74 487
38 759
50 474
57 196
33 75
85 196
88 460
69 300
74 50
17 230
49 583
41 130
6 89
27 74
24 948
68 457
52 977
8 64
60 185
58 961
8 179
81 770
58 407
15 692
70 441
72 256
88 166
47 298
40 951
66 510
26 395
88 202
90 816
6 751
3 916
40 244
6 372
27 708
72 613
50 44
68 17
1 199
38 163
62 991
85 100
85 831
48 902
477 12 1
38 681
428 9 13
90 787
64 722
21 173
40 538
25 869
64 581
40 30
27 689
39 371
3 466
76 472
66 63
13 967
206 7 64
37 706
55 354
16 359
3 163
57 621
6 588
33 783
24 282
70 198
10 56
43 777
6 247
69 236
31 86
34 675
30 222
79 832
49 642
7 868
66 284
15 705
36 601
60 459
43 448
5 464
71 537
60 648
59 273
60 249
46 92
18 12
83 69
77 273
59 727
59 787
74 174
77 784
16 535
44 542
88 547
25 278
2 260
36 628
88 33
80 651
45 796
16 202
55 539
63 569
63 811
86 691
52 635
88 981
32 75
51 524
62 611
70 276
29 220
37 824
77 95
85 136
70 530
45 330
47 779
702 2 21
61 7
43 51
80 885
46 396
52 783
34 431
80 614
2 137
62 515
48 116
44 323
30 770
24 147
74 452
49 836
50 254
3 755
26 972
28 768
33 937
15 234
870 11 53
89 212
53 366
76 649
2 539
26 865
60 420
81 277
57 391
36 343
66 987
5 666
16 200
58 452
84 771
16 565
37 498
49 537
42 596
35 673
42 626
60 7
39 8
19 677
52 990
71 435
85 647
65 569
22 685
24 305
38 795
8 80
84 3
24 824
56 503
5 928
34 267
3 218
83 284
26 213
65 950
47 886
5 815
76 803
40 932
19 844
59 421
51 141
45 461
7 504
52 833
44 46
43 245
68 178
913 12 64
5 231
37 434
11 966
6 849
65 202
60 949
64 64
22 621
6 870
24 899
14 789
29 370
86 435
9 351
63 4
79 769
82 417
9 990
79 6
51 320
53 606
38 314
73 182
63 243
88 928
17 627
45 48
68 559
49 815
35 951
51 444
75 52
6 752
64 53
74 668
5 127
57 323
10 575
49 962
7 288
62 579
68 505
63 760
49 949
52 884
86 333
43 172
35 872
78 135
42 190
73 757
19 160
47 881
81 529
57 11
54 677
4 334
11 346
62 956
65 927
38 289
17 508
38 978
72 724
108 6 0
966 3 40
61 787
33 631
89 522
28 746
25 607
31 801
17 640
30 757
45 908
11 905
87 506
3 201
1 48
70 379
8 65
39 293
59 726
14 162
38 80
73 204
48 995
56 883
25 283
32 441
13 160
56 169
77 47
39 195
9 851
31 931
11 313
61 626
47 502
62 143
80 826
61 952
45 793
24 256
54 263
53 69
851 1 22
88 983
45 275
31 210
63 649
35 326
7 954
89 856
79 138
2 251
70 7
12 179
9 983
67 100
73 184
90 195
86 885
65 836
46 268
13 278
68 783
32 48
24 513
872 1 61
5 543
88 917
49 755
38 502
29 935
80 251
38 432
24 140
1 127
21 926
16 302
44 329
51 155
88 991
49 656
39 191
64 626
1 717
75 4
50 887
71 799
37 942
66 684
63 767
34 350
53 123
43 854
71 23
32 619
81 525
13 523
48 838
51 260
64 753
12 672
87 48
45 256
90 673
34 616
24 45
81 703
27 135
88 607
66 534
8 833
28 235
88 556
25 295
52 165
60 374
15 642
52 119
6 312
72 528
64 899
43 589
31 855
26 596
86 210
35 70
56 342
828 8 67
90 781
38 259
31 201
50 37
27 446
53 193
63 377
68 192
75 786
46 866
58 838
45 621
43 866
17 432
76 510
44 781
39 124
81 109
2 453
61 632
28 965
9 69
63 823
86 363
11 215
86 467
70 816
49 218
40 493
37 335
59 141
37 41
78 510
17 981
31 76
63 600
88 660
48 448
9 265
41 693
57 633
88 282
61 10
24 337
9 942
31 248
88 824
38 127
23 375
60 860
42 433
84 926
29 223
7 564
68 937
81 687
8 99
77 518
45 415
83 36
9 616
71 183
59 798
68 327
39 363
9 352
69 885
704 4 51
50 854
4 106
30 984
30 950
78 448
29 538
50 961
69 157
80 32
10 599
46 606
82 295
76 801
35 464
44 34
37 729
36 59
3 977
16 365
55 448
58 845
4 873
12 279
68 600
36 310
52 279
83 427
60 586
39 311
45 894
79 532
84 301
74 377
57 629
78 608
37 839
83 152
3 535
51 801
61 726
8 88
31 204
90 398
82 430
26 535
84 987
38 520
27 961
84 445
13 568
21 869
16 7 6
57 949
46 77
51 461
60 164
10 268
67 787
22 13 50
77 166
68 343
36 392
33 857
53 548
25 970
7 927
67 662
45 301
45 660
39 69
7 745
31 369
67 229
17 836
45 511
69 561
81 542
27 383
77 155
2 540
87 775
21 598
33 113
49 859
70 510
53 108
41 475
89 949
51 265
54 18
85 607
38 672
15 98
29 293
3 117
60 658
10 139
65 626
21 411
69 874
88 926
44 488
5 381
31 217
79 613
15 603
67 374
11 480
57 492
43 11 65
26 81
67 302
61 928
79 681
50 359
21 52
31 21
6 104
63 503
73 525
18 532
47 768
20 740
54 780
40 572
56 597
88 796
49 81
49 205
88 813
28 490
21 697
4 746
53 661
80 908
75 164
35 662
1 702
10 569
72 832
22 137
66 381
42 185
31 108
65 794
35 2
45 44
67 511
69 492
63 386
23 385
19 769
70 599
5 975
43 266
70 254
7 149
11 81
73 904
16 699
5 357
64 728
59 342
44 756
9 543
58 584
9 460
77 79
26 646
20 185
71 881
11 794
72 52
5 925
57 782
445 1 12
78 863
6 80
22 667
89 973
13 475
69 655
55 279
24 153
89 676
53 717
13 75
35 342
714 4 37
41 616
89 638
9 711
32 442
10 874
21 583
90 613
73 357
74 938
87 170
41 846
53 568
90 604
79 85
61 232
37 389
86 285
6 589
5 157
45 310
7 607
59 729
59 232
78 571
21 747
36 965
25 481
10 378
1 360
28 170
47 997
68 550
38 99
44 731
62 290
67 208
65 735
648 8 4
36 343
84 529
3 767
29 43
271 2 34
42 694
68 558
52 409
89 262
64 88
9 192
64 319
44 698
61 362
52 465
13 157
49 782
24 247
19 42
34 114
66 619
57 495
18 456
15 470
16 118
45 149
89 510
10 587
5 445
62 571
89 566
22 715
52 486
10 468
85 683
37 278
90 317
48 585
47 638
373 2 81
82 743
76 494
11 94
76 294
37 778
81 776
48 937
13 64
46 393
69 682
16 599
2 653
52 460
7 35
31 368
59 380
23 92
53 558
5 597
49 864
88 937
13 995
21 539
79 164
10 155
2 562
88 859
10 846
23 76
10 621
42 57
81 254
60 24
16 189
80 28
17 62
22 372
40 166
10 67
26 542
20 769
81 364
78 777
17 174
69 305
89 328
17 734
73 706
85 270
13 906
72 492
12 439
76 172
51 422
81 291
50 795
23 65
60 449
26 189
69 5
31 330
26 734
77 3
44 399
21 384
40 179
47 355
74 183
57 893
81 795
70 358
55 815
8 19
40 563
65 70
19 859
28 492
51 547
42 166
20 834
41 94
523 8 8
71 577
80 601
63 186
64 99
28 95
81 305
34 20
9 242
351 9 82
58 885
61 153
70 334
49 213
16 554
49 41
73 549
30 612
12 352
42 261
37 811
43 668
71 925
61 319
72 396
11 178
40 824
65 45
81 347
25 632
24 681
38 936
64 544
49 965
34 181
52 966
77 215
1 674
33 65
62 11
84 47
52 676
26 892
30 717
49 939
8 794
16 930
22 151
44 177
16 720
62 354
18 88
79 187
80 583
83 550
23 160
46 751
17 729
16 319
54 923
64 294
22 820
43 223
46 669
6 278
60 395
75 655
23 722
23 814
72 830
57 767
68 80
30 798
2 763
53 907
26 785
76 975
36 891
46 462
24 566
43 638
11 348
49 133
53 609
14 127
62 557
11 337
65 594
89 305
48 954
23 609
12 431
201 10 68
1 996
40 271
24 847
38 576
73 557
82 387
5 172
35 402
32 225
77 519
26 605
36 19
6 190
38 680
45 662
13 564
61 545
28 97
80 966
64 848
61 658
50 964
87 900
60 41
15 445
42 835
65 389
46 83
45 242
67 977
86 100
32 826
86 889
56 373
74 83
56 103
7 885
57 915
3 658
5 120
5 535
28 408
86 496
31 61
48 456
80 189
59 471
30 515
81 517
71 139
26 844
29 682
74 616
32 252
27 21
36 676
51 85
35 178
16 895
19 944
3 901
39 657
88 281
46 999
57 11
75 753
81 121
16 359
323 8 56
46 212
24 736
48 616
8 828
29 468
61 640
83 694
58 663
56 425
7 136
1 911
65 878
62 507
55 305
9 558
21 848
46 861
8 35
63 384
84 979
5 609
67 32
47 690
53 297
89 413
19 676
1 621
82 10
31 348
4 785
26 844
77 28
48 333
89 441
77 682
83 806
10 203
69 293
1 215
28 533
75 438
73 60
89 178
74 872
55 928
29 520
6 856
29 726
9 661
53 541
58 165
83 906
35 262
30 550
52 231
29 18
404 11 87
51 233
80 420
74 718
83 936
28 321
37 572
41 465
22 970
64 403
1 777
25 548
56 413
3 563
36 529
39 903
71 486
22 960
1 598
89 311
65 417
36 468
4 713
71 766
88 60
90 120
64 440
90 415
1 138
54 22
58 142
71 11
40 698
20 222
54 177
1 913
70 154
33 766
58 587
20 491
13 122
26 147
33 186
33 737
88 229
78 719
45 25
48 306
34 355
80 501
51 56
26 93
25 516
25 571
53 252
56 930
70 723
49 657
51 675
75 745
2 980
22 738
88 198
46 984
50 780
81 479
56 862
63 549
30 927
63 749
16 353
37 818
32 379
2 762
48 468
43 131
28 698
50 55
2 495
30 535
59 349
50 546
68 125
11 344
31 598
30 239
40 125
30 957
845 5 50
38 52
53 481
74 873
27 358
82 817
29 424
26 417
89 312
13 948
4 90
20 502
17 99
59 409
32 8
46 315
83 142
83 166
13 875
79 818
72 297
20 115
80 222
30 406
30 860
68 484
31 70
62 361
67 419
44 243
28 37
70 921
32 484
90 117
10 111
73 143
83 904
77 457
73 833
14 586
48 40
22 419
12 615
53 501
11 669
42 594
84 444
54 404
15 782
88 77
57 630
750 1 36
6 702
65 776
21 400
4 481
76 614
3 82
44 963
89 813
65 768
62 726
39 86
75 616
10 639
66 317
25 41
51 769
22 567
85 262
17 545
47 295
74 374
49 160
71 948
6 570
39 763
85 612
49 661
59 401
8 136
68 250
30 334
60 937
71 655
87 406
12 754
86 397
95 12 43
35 512
3 918
34 443
23 531
3 598
36 674
76 608
37 949
28 5
57 106
21 15
53 869
76 545
44 711
23 70
83 353
19 730
76 796
8 253
47 79
7 178
21 192
42 273
26 680
53 297
20 456
90 284
9 124
19 488
39 296
71 231
67 754
10 202
75 662
83 917
40 52
70 703
61 914
52 440
70 966
69 569
3 585
84 141
311 12 32
68 225
69 224
28 495
48 241
3 463
29 910
83 754
70 153
53 403
42 282
65 37
34 253
55 629
65 423
48 661
63 1
56 167
86 473
55 533
18 338
66 98
21 993
19 915
85 208
66 462
28 217
10 859
60 100
89 5
61 564
3 513
27 145
466 11 14
15 41
82 165
63 232
52 300
66 242
12 750
4 161
74 787
62 477
87 140
73 227
7 970
60 751
10 130
18 8 52
37 589
57 34
60 250
2 547
2 437
13 312
78 859
55 401
37 289
74 345
21 719
50 894
28 404
8 748
4 736
35 255
65 337
50 962
16 359
47 184
10 801
32 295
28 990
48 334
82 309
43 8
55 703
8 403
42 998
49 937
29 90
71 566
1 454
56 921
12 989
33 288
80 296
57 177
4 625
78 87
57 182
16 343
30 903
10 633
45 134
34 704
23 20
29 681
59 810
20 636
43 757
18 958
188 4 23
50 354
8 172
8 55
43 807
14 692
59 452
43 46
53 384
17 764
6 610
62 407
21 353
65 659
50 774
56 54
82 187
65 982
32 187
20 544
32 6
74 567
13 789
40 701
754 8 40
5 532
47 52
45 735
79 120
64 949
13 937
31 69
77 35
48 89
1 891
41 744
78 394
12 631
48 520
12 237
5 948
77 487
33 77
53 601
51 106
51 146
24 394
38 985
90 715
63 702
1 27
32 911
23 487
54 574
67 642
79 481
49 468
41 99
4 923
22 35
86 180
29 526
78 942
76 463
71 336
960 9 31
28 686
42 381
23 532
10 300
39 791
53 231
32 69
81 627
85 444
73 885
9 352
2 718
52 74
62 956
64 314
36 143
25 208
7 139
76 568
84 533
24 624
7 617
48 534
7 788
72 472
8 555
90 281
67 369
83 16
61 755
25 611
129 5 72
49 999
64 954
67 161
49 599
53 972
1 352
10 360
57 613
72 800
54 573
65 213
54 777
31 372
54 620
88 169
36 58
14 11
18 574
60 470
49 217
46 88
7 892
58 5
2 442
77 408
46 855
42 48
34 278
53 848
56 750
55 396
60 490
75 473
82 592
24 759
87 684
56 70
38 56
77 891
39 208
58 287
72 119
2 981
79 500
85 822
78 809
20 497
3 283
17 133
82 836
82 870
90 357
16 720
8 996
44 914
68 568
81 674
84 949
76 117
12 695
57 828
20 96
35 591
51 965
40 203
67 149
14 994
63 405
47 134
79 334
31 534
33 502
832 1 47
62 515
30 790
62 796
49 691
1 855
14 431
44 953
49 277
83 113
55 464
8 707
24 237
64 117
71 211
71 735
45 900
19 825
12 273
1 294
1 219
8 53
10 599
17 874
69 473
72 519
7 61
64 38
62 594
36 212
81 725
68 279
12 321
4 303
83 149
84 464
47 134
54 988
28 453
8 296
23 759
32 251
61 915
27 445
23 34
14 320
41 760
30 962
701 4 82
49 771
41 638
87 802
59 334
76 144
14 725
39 922
18 290
83 800
70 514
45 300
73 792
49 702
13 159
34 690
14 643
8 610
65 838
64 456
80 680
89 6
3 314
31 587
21 483
3 557
34 129
40 117
32 924
7 405
82 282
76 317
68 521
27 182
48 166
37 806
31 611
73 89
67 449
25 731
39 988
59 900
90 393
31 291
36 999
14 150
23 98
57 445
78 795
42 832
30 796
7 772
56 499
13 267
7 723
5 599
65 915
30 613
25 334
4 636
77 457
17 396
89 148
62 926
3 673
13 149
51 896
60 410
75 669
71 428
73 328
5 267
30 213
60 489
59 615
34 829
81 979
67 933
37 920
45 919
80 615
3 60
37 263
26 3 35
4 200
33 771
24 212
28 580
13 313
14 542
74 629
19 399
24 106
74 232
35 497
49 118
77 366
40 916
33 311
47 128
9 528
28 385
82 401
19 73
9 462
20 883
5 848
13 264
56 924
37 626
2 813
39 588
6 258
55 382
34 660
73 98
53 93
83 756
31 734
495 8 42
83 654
25 405
20 792
7 540
71 385
75 442
35 654
74 140
84 169
13 809
27 697
12 897
51 71
2 841
90 9
24 126
34 607
39 549
39 973
27 651
87 954
59 643
42 232
7 238
21 252
61 36
64 78
61 702
51 664
22 27
61 472
64 134
17 484
63 548
78 136
3 572
29 810
52 680
46 414
86 714
74 620
59 968
504 10 73
4 70
21 19
5 185
65 510
58 701
90 854
22 5
52 24
38 105
86 839
34 942
67 91
67 265
7 124
62 386
89 546
11 265
59 970
45 724
87 487
84 726
68 285
63 416
37 45
84 197
63 901
64 985
38 896
33 437
18 233
23 229
58 59
59 50
79 959
49 735
30 548
7 328
8 567
33 940
11 140
1 699
8 32
23 55
11 557
74 607
19 199
64 716
8 855
70 713
82 520
65 695
63 674
14 149
26 32
18 719
64 74
82 324
54 31
87 879
70 347
86 610
37 769
36 79
3 16
40 671
44 391
67 350
70 114
81 474
8 218
2 61
89 253
33 493
279 13 76
18 266
75 282
35 290
35 556
72 10
86 390
57 926
75 647
52 719
15 562
20 744
79 984
46 255
59 456
71 867
75 656
8 430
20 431
9 268
79 881
54 687
11 37
68 364
64 655
89 99
89 261
78 105
86 236
14 387
19 533
70 500
52 317
40 41
17 655
83 661
3 289
36 221
14 526
76 299
77 760
54 914
2 702
47 684
32 960
82 300
57 936
25 334
49 340
28 758
48 542
72 413
66 632
71 652
30 994
29 440
40 899
54 189
48 655
22 925
10 467
7 622
15 774
65 533
81 88
86 573
31 452
74 266
16 449
78 442
40 66
61 825
53 149
46 131
74 120
6 500
39 462
679 5 76
62 573
73 352
5 677
62 676
4 827
50 329
7 749
30 534
15 446
24 421
55 66
16 155
89 539
18 208
70 719
18 458
55 253
3 379
80 308
2 399
31 941
8 801
62 171
43 658
60 724
29 705
33 624
7 284
62 543
81 184
88 48
58 310
57 659
78 26
10 334
74 950
89 905
68 675
85 799
32 766
34 700
65 868
30 844
8 562
8 249
32 72
44 406
22 72
61 940
78 108
80 176
1 120
38 450
40 764
83 654
27 649
89 588
35 769
76 881
26 158
16 564
38 370
37 993
53 224
33 503
62 910
31 660
8 973
3 683
36 869
1 394
5 170
41 887
70 611
70 942
90 986
195 4 38
31 967
79 764
32 473
57 950
76 984
74 226
48 630
86 482
4 261
88 343
10 542
88 263
52 731
34 793
55 711
83 948
84 101
81 689
4 856
10 60
79 800
19 402
34 404
9 876
39 382
58 481
79 738
7 842
71 674
54 852
76 799
18 354
51 894
50 303
89 829
76 234
38 39
44 325
440 3 31
64 209
53 300
23 117
51 769
82 52
67 489
7 44
82 262
23 924
71 721
73 873
9 39
76 764
8 782
56 410
81 767
83 551
89 999
80 377
59 93
16 165
89 973
89 252
76 806
40 660
11 290
10 652
67 926
61 994
43 680
61 6
115 12 33
17 795
32 222
46 342
80 639
52 344
81 641
67 179
63 295
81 313
15 913
41 115
57 981
36 268
22 328
86 947
74 393
42 614
32 783
75 11
22 524
82 143
51 719
31 206
58 638
39 557
40 175
58 531
56 13
18 930
24 828
63 686
78 995
40 150
16 6 59
20 54
1 498
78 546
48 837
12 139
77 739
35 134
79 648
66 929
53 815
73 164
41 177
4 650
61 522
12 397
17 694
7 374
5 321
8 402
78 538
23 775
72 740
69 734
75 66
41 661
54 649
10 635
36 658
78 676
73 961
81 867
7 64
72 494
70 720
59 503
74 681
73 325
30 944
38 819
86 718
28 835
32 699
72 640
74 938
31 854
26 801
62 132
75 429
54 580
40 195
31 348
3 290
32 41
66 486
82 68
9 478
16 2
76 493
79 427
459 1 4
54 728
73 26
54 908
50 976
667 11 14
75 476
35 15
29 171
26 881
86 350
9 620
70 915
74 360
60 271
71 819
30 371
70 167
71 481
29 263
120 10 58
62 899
40 844
28 540
71 388
50 413
8 526
78 866
54 235
54 539
35 660
39 434
33 372
60 65
51 871
82 105
27 258
77 512
79 351
51 102
57 645
48 567
23 819
4 305
20 457
88 661
5 769
64 834
90 477
4 404
67 905
39 87
87 919
56 343
67 987
61 147
74 404
38 698
2 226
70 548
31 376
22 136
52 247
51 816
81 871
13 776
23 491
57 89
56 967
69 670
44 136
77 387
8 906
19 653
49 102
53 241
8 99
27 206
21 49
492 6 80
48 139
84 194
10 91
70 24
48 881
14 494
35 77
52 383
17 243
42 987
5 832
38 413
72 657
74 106
68 336
62 263
76 944
61 988
79 387
41 778
10 174
37 24
74 356
89 760
30 379
70 184
54 476
10 879
65 260
6 710
17 648
71 605
2 778
4 889
22 957
52 51
65 205
14 76
1 82
27 580
73 740
48 137
57 456
63 360
45 471
9 354
32 669
74 146
32 406
31 501
22 791
44 474
23 630
2 107
83 346
44 27
33 750
55 658
80 209
7 874
67 592
68 956
5 318
1 59
85 684
77 355
78 226
29 529
84 887
44 419
56 598
83 502
48 859
82 315
67 819
69 410
83 60
64 684
45 709
74 836
362 7 48
12 771
75 229
73 985
19 28
60 606
80 124
10 460
38 660
68 353
15 427
85 27
13 925
7 294
51 846
58 619
75 171
17 494
65 484
69 425
60 539
35 139
88 39
68 979
67 766
70 185
64 994
90 627
11 805
32 814
56 618
1 547
52 885
13 902
57 925
3 639
7 349
59 132
82 846
74 909
15 960
3 245
32 144
25 113
32 830
64 438
77 86
80 619
28 399
669 8 42
69 125
82 829
21 608
18 704
43 15
67 268
35 806
58 486
29 346
56 897
44 786
8 483
55 3
81 526
50 593
38 50
73 62
45 766
7 85
89 84
6 296
56 469
89 241
65 715
90 519
79 428
54 627
42 812
32 25
13 32
52 479
28 462
61 54
74 836
54 518
42 969
48 603
2 741
28 691
75 883
66 353
23 87
488 5 78
82 942
8 999
71 995
20 829
32 656
84 186
75 17
3 548
10 877
16 810
88 714
88 299
25 949
53 441
47 879
52 499
41 890
82 948
88 737
21 520
23 985
35 452
86 518
12 320
55 265
53 699
80 1
12 487
74 617
38 370
40 238
29 726
14 49
15 707
71 900
33 900
67 429
46 979
58 297
87 548
14 759
88 96
3 607
76 87
39 158
17 424
6 154
43 736
86 599
29 634
3 535
61 584
57 206
54 39
82 643
4 595
87 844
59 846
17 79
12 821
75 100
78 59
78 371
26 120
77 329
36 89
49 672
61 577
52 198
75 196
60 479
57 516
14 809
59 22
68 814
75 857
10 129
81 757
32 6 51
41 700
3 631
33 952
82 760
8 840
42 882
6 522
45 910
21 920
59 701
22 679
45 110
56 581
16 706
3 532
9 125
47 70
19 896
69 601
84 600
37 136
9 995
16 521
81 181
53 638
73 567
65 353
18 156
78 469
79 930
88 971
65 317
29 864
24 455
56 581
88 41
61 104
78 346
82 536
84 524
8 156
10 508
29 264
85 427
14 868
63 304
65 393
41 911
33 726
87 322
66 791
692 8 48
57 919
64 141
23 28
21 403
78 642
63 200
30 625
75 557
6 14
51 267
39 606
71 411
21 369
35 723
20 419
64 236
32 744
67 545
44 592
9 830
79 978
90 62
21 851
71 12
24 737
5 42
36 85
72 45
76 888
26 421
86 275
66 628
39 792
13 992
17 824
18 860
80 281
25 972
78 931
44 221
5 594
9 789
9 773
60 132
64 356
54 953
36 327
22 338
315 5 16
1 445
16 970
38 63
68 156
54 170
24 462
9 505
57 243
8 846
5 584
72 385
90 591
27 713
76 105
47 970
60 295
957 0 21
74 170
39 129
6 190
36 298
57 493
26 188
63 431
39 424
74 739
24 240
53 863
31 513
5 592
72 489
16 712
55 174
21 668
74 937
77 349
36 364
36 118
348 1 24
52 137
45 874
5 471
20 300
82 976
56 407
55 607
40 419
88 717
79 590
70 73
63 468
8 958
60 269
15 24
73 644
84 339
79 837
11 727
48 815
42 616
14 417
81 515
82 676
367 1 12
68 436
21 549
14 585
38 424
54 275
49 447
88 113
55 492
26 31
26 140
72 945
58 800
938 12 5
25 309
84 50
71 176
10 283
61 38
800 7 20
17 747
76 332
17 899
87 922
48 46
48 89
26 159
25 406
33 690
21 153
34 709
75 747
4 240
79 855
59 989
13 932
45 876
79 317
39 801
29 960
818 12 55
70 452
55 227
62 196
40 901
21 164
48 884
20 639
85 785
16 414
29 845
33 180
89 913
76 723
46 698
30 781
61 366
78 918
90 320
15 221
90 348
85 334
81 280
25 859
53 640
48 640
57 330
56 729
48 16
88 509
53 926
43 668
32 302
75 947
18 697
90 274
16 865
7 817
28 134
27 916
51 51
63 275
5 365
30 608
87 423
79 611
78 155
47 447
20 335
10 617
17 965
77 802
6 464
45 129
24 398
59 290
502 7 65
39 110
68 593
60 461
34 274
68 880
24 959
25 454
83 261
55 978
47 820
8 456
79 258
8 417
5 342
88 568
31 767
14 902
10 454
84 584
81 270
50 417
85 855
23 582
12 389
5 108
12 160
86 468
21 331
58 46
13 390
54 388
10 555
90 131
90 704
29 940
52 133
26 852
72 476
64 162
6 76
83 696
21 218
72 38
15 271
17 208
40 267
32 761
54 797
37 433
31 189
39 370
18 806
14 664
50 938
33 646
2 767
66 376
35 660
59 92
78 472
24 831
15 563
14 513
51 333
45 895
900 9 28
20 844
76 516
22 132
81 444
14 950
83 69
83 764
67 553
59 302
85 102
29 273
65 743
38 275
67 114
7 106
62 289
46 275
69 550
48 806
34 144
75 968
21 226
17 762
79 636
41 266
44 279
84 677
5 758
293 5 7
79 21
30 226
83 856
80 794
29 744
14 820
53 150
239 13 59
59 834
79 74
80 934
71 283
11 203
54 163
47 562
50 662
47 809
46 442
72 485
58 13
22 297
50 241
34 978
59 3
29 205
13 70
56 378
7 331
72 695
57 668
12 630
79 644
86 61
18 917
36 722
55 270
31 354
46 164
78 980
44 160
25 333
13 784
14 480
55 519
90 982
44 294
66 603
54 439
27 575
12 259
24 807
32 350
5 365
60 150
44 266
17 994
22 420
48 218
12 538
22 409
32 941
11 543
19 447
47 752
44 948
77 288
58 705
626 8 53
4 851
30 363
45 881
56 948
13 747
55 771
30 630
61 589
19 964
10 378
70 955
57 503
40 939
32 591
2 388
8 108
80 982
18 707
87 977
40 689
90 375
35 37
17 427
60 27
10 296
58 4
30 131
86 483
73 473
88 286
32 893
83 768
30 708
64 13
65 297
61 773
67 644
40 728
66 363
51 551
50 779
78 505
48 765
52 86
31 307
6 855
73 784
48 963
90 113
14 537
42 971
3 910
17 694
390 10 27
72 628
11 578
63 586
5 532
59 383
2 759
55 79
12 63
8 382
1 774
1 27
57 184
43 10
18 639
75 151
25 630
65 137
13 572
15 410
30 313
4 768
53 94
24 852
29 105
61 900
68 927
13 516
854 5 53
80 8
42 739
77 625
84 878
64 749
49 612
18 571
43 342
77 38
77 533
86 962
80 565
64 914
67 494
61 956
1 917
17 831
73 151
28 794
90 573
66 77
26 183
90 162
66 123
47 945
27 927
44 249
58 107
25 831
10 812
62 505
19 942
40 968
12 926
6 896
83 684
60 464
30 874
42 681
26 38
39 978
33 680
57 46
77 821
48 636
40 771
5 167
53 635
57 732
68 403
13 204
60 463
29 645
90 5 85
81 848
23 74
57 183
41 32
25 822
15 54
90 216
89 592
46 817
69 133
55 631
66 762
5 463
2 643
41 998
3 665
74 598
4 620
64 438
15 868
1 95
69 651
69 316
9 335
48 74
54 375
10 90
81 178
1 549
89 396
76 79
59 354
48 458
63 655
58 105
32 449
29 864
68 114
9 414
18 90
42 303
18 14
90 956
63 241
44 244
7 354
85 727
48 276
34 708
27 150
65 415
38 693
74 826
43 743
78 550
70 563
9 114
33 963
35 434
50 343
11 106
61 101
51 593
79 649
54 406
18 351
7 174
50 393
40 117
32 738
8 649
9 405
79 557
59 853
14 389
87 730
83 91
44 355
52 290
71 302
23 751
78 840
47 777
83 762
43 397
721 3 24
2 324
57 663
69 264
43 25
74 420
86 798
33 277
44 416
49 390
43 420
64 711
36 401
78 839
70 335
74 881
82 478
48 153
55 471
35 857
12 281
34 360
82 220
56 799
51 889
892 7 9
84 895
23 646
33 75
75 626
58 103
8 478
52 873
14 334
83 330
390 4 29
77 219
28 467
27 992
2 20
63 679
66 988
67 20
90 184
8 891
5 302
56 604
13 636
28 486
49 787
29 398
7 459
21 675
55 632
66 342
66 593
15 566
39 154
66 986
44 653
74 500
55 776
81 859
14 36
18 438
861 12 79
74 979
72 413
49 321
12 49
76 894
70 316
8 805
73 148
1 819
29 858
42 866
31 60
53 341
67 847
2 528
70 784
16 864
89 743
65 465
12 440
42 285
10 311
11 282
10 852
1 928
28 499
76 276
50 912
62 954
67 254
19 201
35 517
44 547
68 461
90 123
30 337
50 268
57 278
18 521
60 702
21 775
87 765
49 888
63 991
82 699
55 261
43 146
83 355
16 510
35 397
90 233
38 111
25 568
78 754
12 328
83 549
74 185
12 265
86 448
25 531
70 189
12 700
42 697
39 693
8 519
1 20
3 317
73 117
59 395
53 270
41 154
89 551
83 320
21 166
57 402
11 443
73 101
29 950
11 147
577 10 33
14 101
48 213
3 325
53 800
64 238
6 181
34 487
27 255
76 71
20 463
3 29
82 714
41 236
48 355
57 703
27 167
39 312
51 961
3 778
75 171
67 920
45 505
35 707
75 818
89 713
73 960
4 284
81 422
68 333
30 268
11 143
33 942
1 522
999 5 61
35 556
33 924
40 436
10 400
84 949
70 245
42 185
19 119
50 483
38 118
38 292
77 96
56 253
11 435
74 692
18 450
30 935
65 952
12 61
88 42
27 730
17 928
15 130
28 706
32 373
88 708
42 895
30 743
90 849
67 186
21 478
71 63
44 784
20 690
83 493
47 825
15 220
23 882
3 663
54 471
76 139
23 86
7 683
14 701
84 767
77 490
42 835
60 605
5 139
82 558
70 609
32 370
73 501
87 76
60 615
29 366
41 807
59 336
56 306
88 360
61 575
437 11 83
81 596
40 404
42 633
74 167
53 731
27 754
63 446
65 859
75 652
59 700
7 648
71 889
71 207
75 305
54 292
15 73
84 184
53 468
34 459
15 221
88 570
53 379
37 465
59 972
76 165
76 914
21 409
19 28
60 15
70 549
79 681
67 645
31 194
22 23
10 855
20 71
76 661
10 153
83 375
39 490
75 416
17 51
81 655
39 305
47 740
61 419
33 28
19 394
33 630
22 549
76 832
20 661
73 900
3 919
47 959
20 937
53 586
45 610
10 802
59 820
84 778
75 872
86 635
67 605
32 971
70 249
29 434
84 424
23 475
21 900
10 515
65 184
41 906
18 288
19 932
8 633
37 245
56 478
33 804
73 678
44 5
67 129
49 358
147 3 39
83 549
22 667
89 205
62 584
32 814
13 422
61 942
62 833
87 282
44 172
49 951
53 803
20 814
1 851
39 129
77 342
62 251
52 310
20 319
2 533
1 768
36 544
6 410
10 929
49 641
61 70
33 780
46 202
48 201
2 438
22 91
13 7
10 648
18 89
49 954
36 462
40 641
55 673
42 506
22 12 51
28 706
49 554
61 407
13 630
43 696
58 99
46 12
72 915
52 76
74 213
81 932
1 347
7 941
65 880
6 350
55 753
1 676
67 312
88 439
82 139
9 585
72 232
2 872
27 878
18 322
84 215
70 561
86 511
54 991
53 767
83 638
88 61
38 386
54 179
1 752
33 635
13 367
30 583
76 480
41 508
29 868
38 643
73 753
74 676
9 273
72 158
47 542
1 681
53 594
9 638
46 863
906 12 51
8 953
22 566
75 962
72 512
32 315
56 368
81 621
28 689
19 413
43 979
36 673
33 977
65 125
21 58
54 882
73 552
33 32
80 754
50 236
23 553
21 620
68 107
51 476
22 454
42 954
83 862
33 529
52 718
12 906
50 125
3 736
19 390
42 888
37 430
9 84
81 903
72 334
83 634
80 976
54 950
22 447
47 859
87 457
33 60
77 833
54 983
4 642
42 631
42 79
63 38
78 619
