85 75
12 18 187 67 54 126 179 78 21 90 197 153 143 185 89 45 0 165 37 33 156 92 77 23 82 161 67 12 94 60 125 6 157 15 93 110 89 143 0 9 84 136 69 197 17 197 98 57 133 107 16 52 124 11 124 51 56 110 25 65 61 19 30 93 73 111 29 72 74 131 0 38 23 82 24 84 34 139 148 53 94 190 89 26 10 
74 36 147 87 157 139 133 198 91 93 195 77 34 158 168 74 73 184 189 159 62 14 115 179 165 2 193 64 85 116 36 84 168 20 63 166 56 169 84 26 164 85 30 22 67 91 56 123 26 119 181 197 124 152 169 186 87 131 191 139 139 193 102 9 155 122 175 163 177 123 115 24 166 107 52 1 50 86 31 72 107 108 190 175 44 
116 24 82 160 72 74 128 32 34 10 170 37 186 96 115 101 159 33 56 96 41 65 156 159 142 89 197 5 70 50 34 50 83 90 1 122 107 52 53 16 103 5 126 154 36 24 187 77 4 127 47 3 191 16 5 27 132 43 35 93 76 99 124 136 195 58 132 127 73 83 113 110 72 123 99 122 95 146 49 98 155 132 119 76 21 
125 25 128 159 36 39 99 194 112 60 55 83 159 44 175 89 67 126 189 65 61 76 182 197 9 82 17 58 18 36 18 99 78 92 19 177 63 172 26 92 128 143 196 20 192 25 173 85 6 30 73 195 198 138 110 183 82 62 122 177 112 194 41 104 66 129 189 12 179 175 92 148 159 22 17 4 99 138 133 112 145 27 29 4 181 
14 100 38 76 6 133 125 178 6 61 94 41 72 93 145 59 11 31 165 145 177 168 197 117 154 89 157 48 198 138 34 149 136 138 156 170 178 133 102 188 180 126 160 155 107 178 62 162 43 150 21 161 41 67 36 72 118 8 100 49 159 91 32 159 20 60 108 164 16 17 79 42 64 156 82 24 84 165 3 137 194 164 144 116 77 
139 91 156 136 192 84 109 61 119 64 178 11 195 20 53 50 193 116 172 85 66 132 134 154 170 46 163 89 150 137 56 122 161 1 88 134 120 188 99 189 106 140 130 57 197 36 178 177 119 8 92 118 177 15 103 157 41 10 159 148 159 140 102 58 36 85 32 77 104 125 0 101 181 133 46 191 97 82 107 51 166 99 58 105 9 
163 193 184 127 149 176 154 100 141 69 29 67 131 79 129 175 12 24 115 42 188 190 111 189 137 126 45 115 38 184 58 20 113 4 8 196 154 72 78 128 55 15 123 78 38 25 82 125 182 161 152 86 140 142 56 1 31 189 145 11 163 13 47 190 89 17 93 72 16 145 90 165 158 99 92 5 108 67 56 98 53 128 91 198 35 
122 158 121 62 89 174 84 53 72 145 182 49 162 166 197 27 56 163 122 25 108 81 31 183 147 188 42 60 63 70 38 176 137 84 189 3 68 61 127 64 34 181 112 2 84 52 105 174 128 108 1 196 61 61 182 15 59 36 28 0 78 133 69 66 171 144 62 65 59 176 137 127 176 120 146 64 18 91 67 150 126 41 91 155 192 
190 127 3 116 103 40 25 126 63 8 93 36 167 179 113 83 73 133 10 101 10 1 22 156 9 38 128 98 155 142 89 6 132 99 0 183 25 114 199 118 148 193 49 92 166 36 28 128 93 3 68 133 70 6 77 148 138 109 137 62 111 58 145 12 115 171 17 170 136 56 72 125 102 133 20 38 21 82 183 157 34 126 38 159 14 
147 88 50 13 61 173 144 141 66 106 109 122 132 163 152 158 43 121 175 169 102 192 130 195 174 82 138 185 185 132 49 171 51 74 190 25 67 120 105 9 143 40 65 12 69 177 33 186 194 52 50 115 146 17 103 25 47 78 17 74 96 179 177 145 73 148 168 142 21 96 111 61 54 159 107 128 134 199 81 162 161 152 35 168 138 
168 82 76 50 122 174 32 156 171 99 82 20 121 197 71 65 187 69 173 155 162 26 72 85 69 128 104 198 139 53 181 144 98 45 29 95 187 131 120 186 163 181 57 17 66 192 163 46 119 193 20 54 108 143 144 67 173 127 168 35 90 153 105 137 181 49 31 108 157 5 90 14 86 13 13 3 77 38 99 62 83 121 122 163 60 
180 191 172 19 172 30 115 94 149 144 43 144 165 139 76 6 89 169 13 163 198 188 142 87 90 47 126 65 83 150 167 68 135 66 70 177 111 73 197 60 191 66 92 78 184 47 74 176 138 141 1 86 62 140 139 85 114 192 115 53 112 9 142 70 145 195 148 136 83 170 16 148 107 177 152 111 32 85 188 152 59 158 4 100 43 
170 52 116 10 18 168 8 199 153 156 83 135 130 199 172 6 112 47 139 94 182 103 50 159 76 123 182 38 196 137 175 54 156 64 63 49 136 179 89 105 10 135 34 64 158 109 125 30 153 12 121 88 158 82 50 37 9 170 104 187 169 39 153 52 127 108 64 116 38 0 20 124 0 151 43 117 45 11 57 35 32 130 12 79 165 
175 86 173 181 134 142 168 126 142 32 127 64 39 157 61 156 196 132 131 103 129 92 91 50 185 20 40 147 142 125 189 40 145 7 183 170 10 43 50 61 33 158 166 43 66 109 135 199 122 34 62 129 25 193 177 136 91 36 50 148 4 22 154 0 117 43 12 188 50 183 88 26 41 8 3 71 84 96 24 113 181 73 36 182 105 
169 34 47 141 15 33 27 180 5 193 97 78 135 81 23 150 144 78 54 85 97 18 109 112 11 53 176 118 104 126 106 176 5 38 165 154 129 52 113 7 135 138 104 65 136 8 6 181 168 144 138 54 18 11 111 129 130 77 18 127 176 54 108 148 196 72 194 79 142 67 111 165 124 146 25 112 184 64 118 80 191 98 185 126 121 
163 109 141 16 105 188 31 26 116 1 10 163 112 47 105 18 97 195 31 54 51 148 167 55 183 163 79 122 45 130 113 141 86 117 178 113 124 80 5 103 150 113 58 0 60 72 140 180 81 107 156 51 189 37 184 30 4 90 1 53 57 65 3 52 128 153 131 56 76 38 150 30 165 111 134 168 86 169 84 156 128 132 8 125 196 
16 79 107 164 44 192 111 42 30 5 192 148 37 157 62 64 148 138 104 147 84 197 32 64 0 19 114 11 116 167 136 28 181 10 167 196 29 122 196 49 30 79 38 75 78 151 51 55 49 62 110 184 123 149 50 8 18 68 36 120 35 190 147 173 40 152 164 133 82 108 113 137 17 88 15 22 96 85 167 106 17 91 155 59 19 
78 43 170 143 42 106 102 178 24 146 113 16 184 168 97 153 7 76 107 182 125 132 85 197 45 3 153 118 164 145 175 181 123 81 145 140 120 79 91 125 37 9 45 173 61 197 21 75 82 40 58 33 113 73 192 6 59 179 148 75 63 124 145 43 30 44 66 194 53 160 190 146 65 180 141 26 100 58 159 32 99 149 114 79 131 
32 92 26 0 199 10 95 44 16 96 37 113 138 108 167 75 11 176 184 25 172 55 120 163 124 90 71 55 6 25 69 195 133 104 71 187 151 93 81 114 160 117 64 31 18 199 87 77 129 89 83 100 196 10 77 171 120 136 145 107 94 89 4 52 12 83 172 79 173 156 10 84 10 111 128 69 101 114 142 172 100 115 159 89 66 
192 197 31 139 30 150 61 197 186 138 81 90 11 84 87 36 55 125 99 126 59 140 40 97 80 81 185 31 84 180 178 110 94 72 7 48 84 0 72 173 136 54 58 30 69 46 170 159 84 99 26 153 161 116 158 97 177 49 39 87 44 192 89 80 36 120 10 158 143 4 55 163 134 168 27 145 133 163 17 184 103 26 154 8 28 
9 165 36 171 20 192 76 30 24 184 69 199 125 25 97 8 15 83 37 106 4 174 155 59 194 110 97 53 147 123 135 132 43 21 53 165 58 27 105 141 26 96 63 184 92 140 74 5 105 32 183 27 63 102 188 21 30 54 116 168 198 189 66 91 138 113 104 119 183 0 69 79 20 195 44 34 72 172 118 108 175 47 174 12 197 
58 153 58 69 44 45 40 101 56 27 80 162 63 120 8 44 51 40 196 71 56 104 129 26 48 101 136 112 4 6 39 198 110 151 138 129 171 152 101 186 19 171 126 26 46 54 84 26 167 154 133 195 22 39 194 157 97 91 134 51 110 72 163 119 159 148 63 134 175 191 134 123 177 100 85 137 162 59 72 74 193 153 143 40 177 
107 11 42 84 13 93 110 73 104 142 89 53 179 87 196 120 2 178 66 149 153 145 175 146 71 133 133 170 59 45 36 118 148 59 77 7 152 193 56 188 65 186 149 77 170 142 32 178 9 168 179 115 100 86 34 197 186 115 168 174 139 113 165 4 82 99 151 44 18 51 197 30 127 148 85 80 77 1 119 124 184 156 32 42 45 
14 190 36 107 112 62 141 79 135 37 14 44 112 180 79 136 51 23 175 191 86 40 38 103 88 182 165 183 88 53 33 150 142 122 167 95 78 40 114 0 39 117 135 80 105 130 152 160 31 146 69 22 68 49 154 102 82 85 60 59 154 37 41 166 78 189 121 65 134 25 190 126 68 142 2 120 186 133 61 168 41 88 41 16 41 
139 22 153 121 194 99 160 184 78 117 124 4 74 133 116 93 134 104 40 164 140 120 87 76 72 37 198 141 6 86 181 73 129 44 57 150 150 76 185 155 79 47 102 4 38 196 60 119 77 34 91 195 15 118 28 72 94 44 66 111 176 137 106 129 191 141 136 85 28 84 176 71 160 51 130 185 193 175 154 195 5 51 169 63 160 
27 149 192 26 12 5 35 196 29 24 103 162 88 76 117 199 151 79 63 81 71 6 4 68 52 49 182 72 96 170 112 14 19 17 48 40 91 4 169 192 162 199 196 150 70 112 77 48 35 56 69 83 135 159 71 45 193 109 94 28 198 64 173 159 34 76 112 99 124 190 49 38 91 186 75 43 68 82 123 83 178 0 35 120 117 
113 133 137 161 124 91 138 83 104 144 77 122 133 103 187 103 9 12 1 11 13 42 42 106 58 157 62 64 62 163 195 78 171 64 177 159 30 130 17 14 75 169 44 167 59 53 3 14 50 151 199 72 151 181 26 161 90 108 84 127 11 187 83 92 26 64 195 184 150 6 89 52 117 108 160 132 60 175 115 103 39 89 56 64 48 
121 17 26 166 116 157 133 158 66 58 92 160 148 69 0 19 32 118 197 19 24 128 55 132 192 11 186 40 27 131 76 169 194 14 188 38 64 197 184 136 30 107 153 1 176 85 33 135 77 19 48 89 197 71 35 186 148 49 33 132 28 103 97 186 126 100 111 2 130 10 157 104 37 100 94 13 63 81 38 88 24 47 62 188 178 
176 101 142 65 45 53 73 18 14 128 138 169 70 102 172 10 8 130 14 8 147 153 83 44 106 51 66 167 6 9 87 145 72 95 143 168 59 141 14 39 189 72 81 117 43 75 44 108 16 163 19 122 15 51 101 63 24 115 87 142 120 146 36 176 138 187 52 82 7 195 99 141 42 32 86 35 111 194 103 38 118 173 101 138 125 
191 4 70 121 21 130 11 185 82 167 115 172 134 113 87 20 187 92 91 110 181 109 188 146 8 54 167 63 42 78 67 44 109 70 20 33 183 130 117 63 179 149 154 189 184 70 14 4 130 112 120 169 82 79 156 2 151 118 73 87 176 190 190 146 178 187 167 165 18 122 118 84 184 61 157 41 47 135 81 39 64 28 175 109 161 
9 54 9 169 183 97 32 68 63 187 168 15 131 53 32 29 193 162 2 32 38 64 133 121 10 167 131 90 140 26 147 106 192 108 118 9 128 15 199 85 164 48 16 34 50 6 196 122 150 170 129 12 48 6 180 132 58 8 169 93 6 171 185 44 132 24 18 136 66 183 38 182 161 119 36 37 88 89 168 124 185 63 93 123 74 
115 178 191 106 55 45 36 20 87 81 32 178 81 114 179 83 74 43 56 47 85 156 157 90 180 173 39 131 102 73 99 89 43 171 179 62 187 110 63 134 5 148 95 64 41 79 110 184 50 143 68 153 125 151 138 25 152 4 169 177 168 163 192 145 186 139 194 56 85 136 38 105 58 155 164 99 156 178 128 57 15 172 113 46 128 
5 198 103 161 22 60 69 94 44 150 28 34 96 150 97 30 107 104 16 4 164 124 0 90 32 97 17 34 99 69 97 32 114 195 35 39 75 138 77 50 144 86 111 190 122 120 76 165 37 118 91 117 89 83 41 90 15 3 118 16 167 20 164 45 58 31 175 121 176 91 178 163 178 76 145 65 93 61 186 5 41 47 167 16 9 
6 139 155 161 71 89 123 37 8 199 35 62 85 182 199 132 169 65 63 136 49 156 163 169 173 84 101 27 69 73 68 70 111 187 115 43 137 86 191 116 162 60 73 133 104 75 192 68 190 37 162 150 135 198 146 166 170 93 15 71 94 126 15 183 95 196 143 70 123 23 37 50 183 170 20 23 103 71 195 59 18 193 30 117 194 
46 126 80 51 55 35 48 99 106 3 66 51 60 192 185 107 186 2 192 182 154 7 178 58 194 36 198 12 173 193 83 143 159 53 198 56 61 57 55 48 66 144 9 20 99 85 184 186 75 63 53 133 163 151 157 151 20 188 24 122 86 164 185 175 117 117 129 40 129 111 111 50 92 176 41 174 117 64 88 156 10 54 33 68 158 
49 152 89 151 87 178 26 124 105 177 38 109 99 110 129 173 198 183 27 198 2 172 135 94 68 87 169 137 100 12 68 149 12 162 198 138 104 185 132 85 1 26 66 114 88 40 168 122 7 50 156 115 138 132 171 124 44 90 98 19 142 117 27 24 23 110 44 197 84 10 103 7 33 103 197 87 90 95 8 136 193 160 113 99 186 
133 3 177 87 33 149 57 175 9 31 31 0 187 64 132 44 124 196 65 10 66 147 47 63 147 130 111 47 23 91 14 162 108 26 107 71 105 178 191 67 68 104 42 158 51 80 36 101 101 146 114 163 139 132 76 68 87 73 116 93 44 94 137 19 161 182 144 15 173 72 56 185 6 51 49 145 117 188 31 28 116 17 178 151 129 
8 120 172 132 128 194 110 25 66 168 151 67 112 165 70 139 22 115 142 84 197 64 73 26 40 180 101 74 75 173 24 175 94 68 80 85 108 131 148 121 102 33 135 111 120 35 174 167 199 189 25 102 129 154 155 116 60 60 16 137 76 109 34 159 151 128 105 125 60 31 29 30 108 95 155 105 8 93 113 11 53 95 36 14 153 
193 130 34 77 107 178 16 28 24 131 95 178 102 59 14 186 82 157 9 183 190 180 70 1 179 47 155 33 73 92 181 97 143 138 160 110 74 71 36 88 140 131 198 12 48 54 82 145 27 95 92 44 10 95 21 97 100 102 53 75 63 141 162 114 59 182 96 189 47 64 134 70 38 17 154 148 133 147 98 131 72 77 111 5 124 
165 116 190 53 178 2 190 64 24 130 91 74 18 13 2 34 81 8 111 187 85 27 141 188 7 7 163 2 106 19 168 124 39 118 13 173 180 133 81 95 47 11 13 100 31 23 64 192 125 31 103 2 135 123 10 168 75 166 120 112 135 183 159 67 166 25 136 102 109 133 163 173 13 19 119 147 81 183 101 157 11 21 99 14 36 
106 31 159 10 27 199 183 19 156 143 16 96 12 26 106 183 103 14 26 100 153 123 146 31 162 169 187 180 156 130 99 52 18 18 106 49 14 166 132 93 117 190 87 140 60 70 25 69 109 135 58 198 188 97 84 114 95 131 44 119 77 22 53 165 175 58 37 7 20 95 116 75 84 62 179 14 157 54 3 18 2 20 153 142 175 
91 141 20 176 37 166 28 92 186 61 174 108 181 135 68 182 168 67 68 75 21 68 151 145 25 160 130 168 133 35 64 67 111 183 110 128 100 48 156 6 174 148 3 62 171 125 109 135 70 197 23 19 17 68 63 167 46 66 153 76 89 39 156 3 68 66 172 64 79 185 58 85 140 22 55 172 181 71 149 109 3 168 101 4 127 
167 86 86 179 127 57 108 91 121 143 193 130 183 197 46 150 156 39 121 199 98 174 71 23 154 45 154 125 33 132 165 24 139 50 179 53 69 104 86 164 17 39 57 126 8 24 178 57 190 196 187 187 95 36 170 100 135 40 0 48 153 119 35 20 40 165 15 39 105 9 123 54 58 102 147 142 111 123 154 127 169 58 107 138 127 
88 41 54 29 68 27 88 58 133 79 193 193 84 89 72 16 92 191 50 120 173 116 132 122 172 137 60 2 151 91 79 91 160 12 165 187 172 25 127 73 45 145 76 183 48 108 137 138 126 137 126 188 115 8 70 103 182 97 86 199 117 149 72 179 56 125 120 162 33 153 109 3 40 1 172 99 68 150 112 22 133 176 138 173 69 
110 78 143 23 128 151 1 150 46 12 52 130 114 189 39 65 63 169 64 148 54 91 111 24 156 6 82 139 119 160 109 46 191 174 18 115 56 111 73 146 12 9 133 136 105 100 57 120 99 158 1 7 50 65 175 71 143 51 28 5 141 97 41 107 1 55 154 132 142 139 196 78 118 155 88 85 16 38 135 68 79 124 69 77 41 
143 108 17 44 160 5 14 116 164 46 12 162 159 27 131 93 106 199 20 3 132 16 154 34 106 50 54 30 194 96 6 123 197 133 51 194 2 34 30 4 89 125 47 106 6 99 57 169 53 120 78 36 124 74 186 171 16 151 43 190 4 80 92 130 192 133 80 164 179 87 176 111 150 3 129 109 170 33 126 161 16 19 87 43 123 
64 151 51 48 133 111 33 100 197 168 71 5 198 137 180 91 133 138 140 122 186 152 103 136 81 182 35 65 44 8 37 132 121 79 24 156 134 71 154 38 137 122 35 79 56 176 55 67 186 60 171 184 187 166 132 28 109 78 78 14 25 190 152 189 137 19 94 156 49 57 143 148 110 159 189 157 31 77 61 44 5 164 136 85 108 
63 44 81 30 61 56 186 191 6 171 173 24 110 162 18 87 136 176 184 103 78 125 165 22 52 105 100 8 35 165 39 192 113 197 188 146 105 115 32 49 8 15 88 18 71 130 95 135 23 117 109 172 143 115 127 87 43 44 73 135 137 176 196 141 70 143 69 83 20 119 123 172 55 90 44 178 170 118 15 36 123 171 27 124 167 
14 183 109 72 63 128 45 53 163 147 116 164 93 134 178 113 152 83 75 102 63 75 11 113 166 158 166 104 98 199 115 80 14 75 133 172 52 189 34 13 162 103 79 50 198 186 95 123 31 195 27 50 114 147 73 85 112 44 144 7 49 94 198 63 88 22 181 141 197 145 45 189 5 109 127 189 153 178 174 56 47 158 190 187 84 
135 34 33 155 25 170 195 170 115 57 113 134 31 13 37 98 48 125 134 133 3 94 76 103 1 173 17 49 27 184 71 126 194 118 27 81 83 145 161 154 17 97 43 35 8 36 132 1 24 194 195 44 132 41 129 114 67 65 148 139 22 31 24 135 117 63 135 198 106 130 126 21 166 146 180 59 73 68 197 130 117 161 60 127 122 
3 174 15 55 130 86 64 88 45 93 182 48 193 32 142 54 144 170 122 122 53 106 95 58 19 25 119 72 3 94 67 95 72 164 147 197 173 76 95 169 110 125 34 92 182 71 190 86 91 112 141 24 26 124 139 152 193 64 110 122 18 78 132 64 196 110 43 82 147 138 139 11 156 192 79 130 195 26 199 189 67 86 74 163 112 
165 142 35 113 44 133 78 130 126 95 32 42 161 165 73 198 36 103 47 22 52 4 80 80 121 31 50 114 21 7 44 128 87 32 28 162 43 114 121 197 127 18 87 149 81 73 180 101 60 33 101 153 36 5 87 169 186 187 199 41 103 86 61 46 3 153 62 65 171 24 30 180 44 47 74 54 184 154 106 164 133 153 94 40 182 
140 123 154 174 27 188 30 164 187 58 57 1 195 81 93 63 144 129 177 0 39 119 178 133 120 12 91 21 195 141 102 118 137 100 6 21 125 91 111 165 150 111 48 160 92 142 136 119 155 143 72 149 92 83 86 16 7 82 99 44 47 94 77 103 171 173 17 81 41 38 19 144 150 80 3 135 159 7 143 86 36 153 170 41 143 
45 182 88 158 81 155 44 132 35 11 18 108 98 177 98 126 85 67 99 87 175 19 109 3 144 105 196 107 75 104 142 116 17 125 191 139 56 80 14 113 182 133 49 182 51 135 75 40 137 196 193 46 158 63 132 67 155 80 72 121 16 102 0 95 150 42 16 141 117 60 116 132 4 105 52 20 57 22 1 45 7 37 41 46 169 
76 3 127 168 119 65 89 48 80 157 178 126 91 43 188 5 6 197 196 101 145 180 137 144 24 35 51 146 97 189 172 30 3 53 45 104 147 1 42 182 172 198 33 63 115 4 177 17 178 51 193 171 151 79 194 17 82 90 32 182 77 12 42 85 74 128 58 152 56 161 86 115 187 6 86 196 2 7 107 123 4 116 198 98 54 
63 67 132 5 137 135 96 38 41 82 105 27 118 85 77 67 179 147 69 40 0 95 175 157 20 180 197 184 174 193 29 11 22 96 98 186 106 97 181 165 55 75 81 57 171 66 40 37 171 131 20 71 125 187 145 53 78 74 134 170 190 67 160 24 148 121 93 138 151 82 94 67 91 37 117 189 195 181 182 137 6 70 140 15 185 
121 171 117 163 45 196 2 1 5 97 105 160 189 159 159 183 104 127 87 23 69 130 17 103 93 67 178 109 142 178 135 1 80 167 6 5 23 24 196 114 159 83 11 13 153 160 76 60 172 76 198 156 197 176 54 170 61 44 52 52 136 163 85 80 94 191 150 170 185 179 158 27 135 195 75 82 158 112 129 197 60 82 64 69 30 
90 114 174 144 167 109 38 151 60 111 198 89 187 155 12 168 69 51 17 153 109 127 103 99 135 147 43 75 91 78 105 188 61 94 144 186 147 85 132 135 17 101 20 192 27 0 90 96 26 46 34 175 24 38 77 73 24 55 159 156 186 29 39 128 187 62 163 141 88 189 122 2 64 21 1 183 133 3 193 51 187 129 24 122 113 
181 159 55 128 168 108 184 40 5 45 24 60 10 168 95 175 185 163 128 174 142 24 73 86 62 26 134 106 82 145 185 146 23 120 84 107 175 116 9 145 173 167 3 186 183 34 148 133 39 71 47 147 45 185 28 135 129 179 61 3 98 73 9 57 158 88 58 44 129 16 163 95 146 190 120 143 127 121 105 185 141 76 40 13 120 
176 177 177 190 156 163 97 102 146 9 146 20 68 57 54 168 33 164 24 57 12 179 176 124 158 14 54 162 145 24 42 196 42 92 56 29 13 152 115 69 110 124 87 141 120 190 123 66 101 101 188 117 163 146 59 177 115 129 173 140 89 67 67 199 24 46 33 52 52 6 189 188 145 183 156 157 142 43 39 33 6 60 81 180 94 
197 95 125 43 105 1 173 181 59 126 25 173 155 9 100 129 24 1 134 131 140 53 104 155 76 140 146 161 152 3 73 17 44 95 127 34 64 109 91 56 180 15 99 96 187 10 128 187 32 135 95 82 61 155 195 132 45 177 7 61 13 61 187 55 58 55 186 133 185 114 1 122 101 127 151 172 116 158 97 0 154 153 143 168 144 
147 84 197 172 101 45 166 81 101 22 147 177 111 149 115 7 181 39 197 161 43 22 121 39 147 51 41 147 22 74 122 54 90 36 102 11 111 62 102 87 60 172 190 42 59 12 159 90 66 71 42 146 40 111 153 34 103 189 67 18 29 188 22 79 76 140 192 160 13 131 124 19 40 128 35 30 184 65 175 164 108 34 185 126 139 
127 144 18 28 113 196 173 186 51 85 8 97 54 80 195 60 128 55 106 69 75 81 130 122 5 92 109 184 44 25 183 159 80 193 97 104 122 136 110 63 88 137 175 111 82 98 86 140 179 130 6 69 68 100 43 9 36 196 31 97 136 149 9 195 77 193 121 4 39 25 95 175 127 37 14 187 100 23 191 64 188 3 105 125 137 
128 134 165 91 44 170 62 61 127 9 154 83 82 145 170 100 107 162 145 19 198 113 98 111 155 164 38 74 151 56 150 146 149 178 1 83 29 130 14 172 34 66 30 193 145 123 147 52 118 119 9 19 35 91 100 14 162 161 149 151 117 198 114 13 198 176 116 187 57 172 36 1 154 59 163 155 126 45 179 16 4 69 35 112 44 
63 12 188 91 8 145 20 99 90 31 188 152 114 1 127 80 183 117 16 39 16 76 131 172 113 42 104 9 127 24 105 33 136 60 45 33 180 7 183 83 166 138 51 94 153 55 87 120 45 185 62 147 10 99 24 80 173 195 91 114 135 150 65 84 30 69 71 22 139 171 174 45 60 71 77 27 126 85 146 48 168 1 121 18 37 
186 145 124 176 10 104 9 137 184 136 31 67 68 133 153 63 114 66 22 153 7 128 72 52 99 162 88 165 121 105 63 57 146 15 117 83 123 63 113 131 49 83 29 140 10 8 188 3 170 185 10 161 129 167 61 69 140 175 16 176 120 132 160 29 109 33 133 186 129 9 24 195 115 42 132 113 47 23 64 113 63 69 53 86 175 
183 128 56 70 35 26 39 57 67 19 181 29 79 89 131 65 17 122 197 110 43 22 197 54 27 94 19 17 188 74 151 4 16 199 146 165 107 106 57 165 171 196 98 17 21 98 191 143 164 157 27 170 178 106 162 116 1 34 54 150 112 30 9 6 43 131 146 11 156 52 96 87 184 176 195 113 0 50 46 53 148 131 103 80 11 
136 64 116 109 154 151 80 96 9 61 71 43 153 121 190 6 73 65 0 56 125 118 18 58 127 79 30 109 193 15 43 50 186 121 70 146 111 135 194 96 119 152 83 20 140 137 187 92 156 187 122 140 112 50 116 179 120 29 94 116 126 182 103 83 182 169 156 199 84 196 25 199 197 123 105 106 47 15 11 29 163 86 143 36 188 
17 92 194 48 73 28 2 160 49 154 27 162 72 73 121 78 80 137 104 13 81 100 161 24 62 126 3 26 164 45 100 91 2 135 45 163 149 140 107 114 132 113 31 130 120 112 125 88 70 150 129 86 91 158 105 80 165 27 195 18 90 0 117 88 62 99 29 53 185 193 165 30 9 167 68 49 113 55 151 165 110 51 73 38 78 
77 91 88 159 148 25 185 49 83 185 81 191 38 189 185 144 9 105 63 41 88 143 57 154 80 129 70 183 144 163 81 59 101 59 154 25 55 137 41 188 132 12 183 28 126 148 187 5 92 11 83 188 66 111 25 27 183 171 180 191 59 169 92 18 71 154 19 121 102 13 13 158 156 14 187 37 123 79 116 73 1 191 99 146 11 
10 147 79 173 155 104 92 66 164 164 100 184 78 152 14 71 62 41 171 76 183 68 90 134 85 21 83 150 87 110 148 24 22 13 29 136 165 163 114 80 177 150 99 14 128 134 120 134 110 119 146 76 152 39 186 22 187 51 132 24 42 52 195 181 84 118 51 171 51 18 117 87 123 20 167 24 83 53 40 199 183 12 177 23 79 
69 150 131 183 135 84 9 64 3 75 117 180 128 43 90 44 187 31 57 29 141 104 170 70 88 88 110 52 32 189 28 43 132 60 31 39 169 16 42 44 173 16 145 2 73 2 145 25 123 5 75 11 84 162 134 105 12 84 42 145 46 12 114 21 30 129 31 10 54 144 173 3 169 144 5 186 153 44 34 178 56 46 11 75 125 
157 157 26 43 115 197 34 143 127 5 152 69 93 139 116 116 47 130 174 23 174 8 69 186 39 7 181 68 102 145 80 138 175 98 74 17 36 147 175 125 129 49 8 107 106 36 20 173 32 68 17 106 54 119 145 86 165 23 126 1 22 95 136 153 151 150 178 179 101 45 31 190 35 26 102 49 41 151 125 73 99 129 37 133 15 
94 5 183 59 167 59 43 121 190 38 144 149 184 53 111 170 49 136 94 182 174 120 85 139 145 93 113 130 145 114 111 194 107 74 116 138 174 107 62 95 28 145 32 47 61 119 156 50 194 13 125 12 18 26 120 38 174 6 71 165 17 187 190 25 30 44 74 53 95 3 110 91 167 119 73 131 21 117 12 63 127 62 36 64 188 
154 189 20 157 126 56 180 56 177 35 71 17 54 110 96 38 107 31 177 159 132 136 84 140 187 147 153 135 5 143 188 99 96 127 100 143 161 176 44 28 167 197 8 98 97 79 103 14 30 27 160 196 35 100 91 6 79 199 70 74 23 13 72 105 84 148 123 127 169 195 110 113 81 123 154 108 142 2 99 185 128 74 1 135 151 
27 110 10 36 109 131 187 127 155 90 76 142 51 139 18 166 16 120 174 36 171 77 31 11 89 8 107 156 90 138 114 191 123 196 106 88 136 75 62 37 147 46 160 98 9 186 48 178 70 84 81 24 119 46 61 137 168 181 56 8 174 101 20 9 54 14 75 34 140 97 115 152 154 46 186 11 169 69 95 170 82 156 151 146 157 
114 34 80 96 152 51 82 81 125 41 184 97 24 141 155 171 106 157 41 147 28 133 150 7 8 164 18 135 6 108 138 63 12 47 153 197 87 12 147 39 171 137 151 22 110 130 115 185 183 61 151 138 4 88 136 15 81 158 177 197 111 116 116 0 33 12 9 126 58 188 60 46 25 145 3 194 68 195 42 21 99 152 5 89 156 
172 150 56 77 29 69 46 141 41 69 78 66 165 173 65 65 44 101 58 130 129 51 101 95 180 177 95 166 111 34 138 194 144 60 77 175 105 198 92 197 49 28 164 111 107 148 143 69 31 139 29 35 109 79 78 65 135 164 184 85 182 39 196 112 165 86 27 88 2 150 172 39 139 85 170 2 64 109 197 35 148 98 105 156 87 
174 14 118 66 62 40 196 108 84 8 169 62 28 98 135 2 7 80 75 100 93 199 11 58 125 134 88 153 22 144 160 51 71 95 112 169 45 148 119 130 183 173 146 20 145 176 150 115 127 91 37 131 135 118 1 132 162 41 107 91 180 99 152 144 11 10 87 60 169 23 170 117 7 66 22 112 91 9 56 25 180 110 18 161 190 
142 135 129 109 100 82 1 78 42 101 38 32 20 70 40 163 1 136 34 100 20 125 167 149 34 22 49 68 159 151 87 149 134 107 45 154 166 108 117 175 120 198 194 55 46 193 167 83 35 108 145 145 105 49 138 92 16 156 126 58 88 26 24 195 120 82 14 19 115 36 85 17 130 104 193 60 6 36 140 61 114 156 193 185 48 
90 190 27 66 62 23 173 139 199 76 121 101 97 123 119 160 88 147 44 155 119 70 131 184 81 157 82 41 170 136 24 161 52 120 13 91 102 47 92 119 57 188 162 28 35 137 2 188 127 145 79 93 158 44 115 14 10 26 54 195 137 24 132 115 125 126 166 167 112 101 110 135 141 138 152 143 88 113 165 23 7 44 109 159 16 
77 91 21 40 176 153 133 49 135 97 113 160 87 49 82 146 6 69 72 57 54 65 71 64 161 27 124 153 16 156 90 160 136 159 141 159 112 81 157 54 132 38 5 36 65 79 149 166 92 26 58 171 61 116 50 156 135 113 29 79 1 134 148 28 106 14 142 32 4 154 89 2 57 81 69 120 68 47 129 53 115 46 75 194 104 
38 199 141 135 157 42 144 83 51 48 15 156 60 6 143 15 153 54 48 138 98 172 198 171 31 56 90 98 119 51 194 62 98 154 192 121 149 34 171 184 39 56 26 3 189 170 73 22 186 22 72 179 50 197 87 192 189 197 129 90 59 123 108 178 142 155 97 61 38 164 146 74 135 19 128 49 179 142 92 141 37 117 183 76 94 
74 127 13 141 188 49 183 70 18 180 191 118 152 25 148 71 37 41 52 69 181 171 31 40 98 44 70 0 82 119 26 16 90 7 90 165 179 51 79 77 99 53 74 3 88 125 1 151 142 87 62 11 24 2 166 87 161 11 16 99 140 153 91 123 165 32 62 56 22 66 41 147 64 164 35 128 96 126 2 171 95 25 130 190 133 
140 149 8 37 118 28 44 109 166 122 183 85 186 182 175 123 186 92 108 110 56 13 133 12 119 173 110 18 197 50 20 87 2 147 1 139 165 155 84 167 20 100 123 8 136 18 20 20 47 7 157 69 120 53 188 26 10 171 26 194 141 149 174 190 158 118 1 43 181 99 193 91 1 168 171 67 166 155 104 65 49 193 141 42 47 
-1 -1