948
503
813
105
873
798
988
989
680
322
535
956
184
520
76
105
223
69
452
642
663
335
893
246
625
760
22
262
788
891
831
488
864
57
674
728
662
575
538
701
376
468
249
56
822
802
910
274
162
991
710
531
624
921
979
432
193
336
809
355
645
551
983
540
537
474
600
716
640
894
244
231
376
699
813
233
56
183
405
213
735
19
927
550
765
727
465
660
797
648
380
47
730
315
432
653
736
583
609
703
94
406
948
270
559
669
219
737
503
324
421
970
549
741
789
562
32
381
677
656
957
499
861
481
553
248
645
282
761
359
369
164
104
407
592
786
147
349
791
609
928
463
668
456
488
77
791
501
486
240
261
576
809
421
160
570
917
151
51
994
768
580
658
27
147
43
655
610
509
883
344
795
584
928
278
348
237
241
627
187
10
547
981
86
15
668
841
49
557
768
336
650
490
382
564
461
532
608
975
549
988
388
47
310
948
332
992
339
947
184
143
127
769
848
806
884
782
523
948
510
568
68
572
576
3
264
519
930
460
65
88
838
305
581
18
957
625
310
351
546
283
997
113
170
717
428
179
145
632
408
404
205
224
237
652
934
624
715
668
708
646
524
599
319
10
85
352
703
624
727
790
72
702
482
298
835
602
556
673
207
976
925
712
456
640
786
566
884
337
766
909
203
213
972
868
129
835
914
759
776
638
323
239
647
790
672
502
83
336
176
997
690
698
470
979
842
640
500
169
273
50
430
825
988
817
229
319
152
369
827
132
654
410
977
512
349
663
813
877
684
507
836
223
355
646
734
453
291
385
496
698
137
367
768
769
441
561
238
299
902
153
706
841
652
29
384
758
185
262
430
690
651
399
487
565
788
592
904
972
417
93
945
843
596
570
324
677
991
461
638
731
521
185
319
101
905
907
250
264
411
496
14
962
915
371
494
211
510
807
23
293
28
240
421
18
652
389
826
895
772
94
18
628
172
740
972
116
334
610
640
977
943
817
960
953
838
481
283
478
866
258
305
712
414
594
34
680
760
653
227
408
103
417
939
220
193
318
283
204
923
218
624
498
743
499
892
436
192
33
692
228
778
605
241
347
18
449
594
262
131
689
651
570
181
495
48
166
822
147
354
935
616
18
819
973
678
388
360
45
914
441
2
79
528
652
735
930
141
3
950
346
362
227
112
638
506
975
456
274
359
54
246
250
104
228
556
375
809
288
69
192
311
907
917
496
11
315
869
808
531
993
76
189
144
583
298
105
464
730
373
754
484
790
437
766
949
659
694
612
68
106
182
422
737
43
698
445
312
668
518
749
976
589
819
699
131
788
854
677
164
913
44
328
758
340
712
457
332
328
405
530
538
433
245
753
292
779
752
304
843
484
209
477
439
849
127
411
31
956
390
96
258
408
817
214
62
109
806
457
627
920
484
316
923
412
385
210
809
376
878
372
549
260
949
867
45
511
100
663
701
438
910
245
368
890
558
628
916
423
187
415
143
58
968
935
874
656
138
12
697
410
461
973
308
658
166
38
429
99
619
545
882
548
451
134
306
684
394
868
272
660
338
41
316
669
463
942
237
749
978
49
477
125
843
799
717
997
549
768
996
539
610
284
450
738
251
977
124
248
740
425
921
382
579
115
290
333
627
663
90
476
377
145
902
702
591
151
403
197
862
292
929
827
748
776
142
274
620
431
855
528
961
863
129
335
752
69
137
925
576
895
360
899
495
855
263
772
914
440
909
981
879
627
370
122
384
249
229
964
991
605
76
321
757
283
575
296
76
10
87
311
188
852
924
316
825
239
471
305
753
655
903
164
777
510
35
419
479
325
45
169
336
819
238
262
420
64
9
277
699
406
407
727
655
995
555
537
746
663
684
19
839
953
908
486
692
719
175
350
608
175
161
237
817
5
395
6
886
344
246
683
677
98
398
218
779
416
470
481
508
547
125
81
603
276
792
232
301
429
433
793
649
49
860
910
571
614
659
893
196
810
273
763
444
655
425
727
684
514
156
689
355
416
947
238
55
965
143
145
101
36
584
698
681
444
646
344
408
745
816
898
416
838
607
507
372
611
241
938
933
646
302
288
308
55
866
465
800
246
376
322
17
734
982
827
38
345
25
859
879
813
911
344
705
398
512
53
654
833
396
451
513
244
583
545
531
384
768
555
