10
9 72
1 2 375
1 3 725
1 4 191
1 5 437
1 6 912
1 7 349
1 8 551
1 9 513
2 1 334
2 3 47
2 4 575
2 5 9
2 6 620
2 7 803
2 8 901
2 9 118
3 1 734
3 2 412
3 4 497
3 5 28
3 6 492
3 7 834
3 8 938
3 9 520
4 1 967
4 2 623
4 3 494
4 5 244
4 6 352
4 7 215
4 8 822
4 9 940
5 1 944
5 2 840
5 3 15
5 4 354
5 6 938
5 7 62
5 8 745
5 9 467
6 1 831
6 2 299
6 3 926
6 4 19
6 5 774
6 7 492
6 8 486
6 9 520
7 1 604
7 2 434
7 3 192
7 4 710
7 5 655
7 6 626
7 8 340
7 9 455
8 1 956
8 2 497
8 3 83
8 4 54
8 5 328
8 6 840
8 7 909
8 9 930
9 1 320
9 2 642
9 3 78
9 4 40
9 5 996
9 6 868
9 7 242
9 8 435

11 110
1 2 671
1 3 425
1 4 338
1 5 178
1 6 470
1 7 842
1 8 578
1 9 631
1 10 140
1 11 956
2 1 196
2 3 672
2 4 449
2 5 643
2 6 426
2 7 977
2 8 655
2 9 93
2 10 351
2 11 722
3 1 319
3 2 363
3 4 274
3 5 519
3 6 140
3 7 40
3 8 735
3 9 909
3 10 316
3 11 214
4 1 922
4 2 307
4 3 27
4 5 279
4 6 608
4 7 855
4 8 536
4 9 221
4 10 837
4 11 385
5 1 349
5 2 679
5 3 828
5 4 941
5 6 803
5 7 499
5 8 328
5 9 565
5 10 468
5 11 202
6 1 252
6 2 547
6 3 304
6 4 438
6 5 996
6 7 708
6 8 428
6 9 385
6 10 18
6 11 74
7 1 271
7 2 408
7 3 775
7 4 578
7 5 455
7 6 561
7 8 402
7 9 478
7 10 314
7 11 605
8 1 54
8 2 626
8 3 663
8 4 716
8 5 781
8 6 495
8 7 353
8 9 709
8 10 835
8 11 494
9 1 180
9 2 603
9 3 543
9 4 510
9 5 118
9 6 369
9 7 168
9 8 592
9 10 386
9 11 530
10 1 514
10 2 619
10 3 249
10 4 557
10 5 243
10 6 403
10 7 766
10 8 771
10 9 198
10 11 705
11 1 381
11 2 953
11 3 377
11 4 389
11 5 424
11 6 92
11 7 975
11 8 123
11 9 783
11 10 325

2 2
1 2 279
2 1 325

11 110
1 2 692
1 3 230
1 4 370
1 5 891
1 6 828
1 7 776
1 8 63
1 9 813
1 10 993
1 11 706
2 1 480
2 3 989
2 4 519
2 5 539
2 6 237
2 7 504
2 8 138
2 9 191
2 10 543
2 11 549
3 1 597
3 2 999
3 4 723
3 5 309
3 6 537
3 7 829
3 8 383
3 9 815
3 10 893
3 11 690
4 1 620
4 2 356
4 3 368
4 5 47
4 6 161
4 7 238
4 8 357
4 9 788
4 10 809
4 11 195
5 1 747
5 2 118
5 3 113
5 4 684
5 6 554
5 7 304
5 8 33
5 9 282
5 10 539
5 11 383
6 1 935
6 2 436
6 3 866
6 4 811
6 5 957
6 7 674
6 8 89
6 9 731
6 10 248
6 11 809
7 1 622
7 2 276
7 3 286
7 4 488
7 5 604
7 6 97
7 8 60
7 9 792
7 10 391
7 11 340
8 1 436
8 2 83
8 3 203
8 4 516
8 5 887
8 6 305
8 7 627
8 9 784
8 10 548
8 11 614
9 1 80
9 2 826
9 3 358
9 4 825
9 5 617
9 6 455
9 7 61
9 8 887
9 10 667
9 11 773
10 1 990
10 2 337
10 3 111
10 4 535
10 5 760
10 6 40
10 7 6
10 8 965
10 9 540
10 11 269
11 1 696
11 2 756
11 3 500
11 4 821
11 5 836
11 6 76
11 7 1
11 8 299
11 9 47
11 10 894

8 56
1 2 524
1 3 588
1 4 682
1 5 428
1 6 72
1 7 855
1 8 196
2 1 523
2 3 544
2 4 875
2 5 691
2 6 335
2 7 617
2 8 628
3 1 815
3 2 65
3 4 269
3 5 277
3 6 503
3 7 657
3 8 684
4 1 483
4 2 342
4 3 62
4 5 313
4 6 62
4 7 727
4 8 959
5 1 578
5 2 554
5 3 909
5 4 641
5 6 738
5 7 744
5 8 584
6 1 433
6 2 218
6 3 400
6 4 192
6 5 435
6 7 631
6 8 682
7 1 655
7 2 219
7 3 617
7 4 38
7 5 952
7 6 547
7 8 347
8 1 423
8 2 735
8 3 483
8 4 290
8 5 373
8 6 157
8 7 698

2 2
1 2 223
2 1 889

4 12
1 2 600
1 3 591
1 4 877
2 1 647
2 3 437
2 4 891
3 1 179
3 2 131
3 4 296
4 1 58
4 2 419
4 3 340

12 132
1 2 800
1 3 275
1 4 737
1 5 10
1 6 622
1 7 551
1 8 127
1 9 311
1 10 582
1 11 585
1 12 507
2 1 516
2 3 773
2 4 532
2 5 525
2 6 968
2 7 391
2 8 370
2 9 168
2 10 26
2 11 419
2 12 558
3 1 505
3 2 515
3 4 391
3 5 501
3 6 100
3 7 904
3 8 262
3 9 320
3 10 304
3 11 968
3 12 909
4 1 166
4 2 847
4 3 329
4 5 992
4 6 190
4 7 701
4 8 676
4 9 154
4 10 406
4 11 29
4 12 961
5 1 128
5 2 498
5 3 91
5 4 652
5 6 781
5 7 439
5 8 404
5 9 39
5 10 708
5 11 998
5 12 110
6 1 378
6 2 921
6 3 592
6 4 362
6 5 321
6 7 669
6 8 228
6 9 763
6 10 553
6 11 370
6 12 614
7 1 595
7 2 356
7 3 371
7 4 562
7 5 103
7 6 925
7 8 614
7 9 428
7 10 704
7 11 53
7 12 221
8 1 815
8 2 762
8 3 163
8 4 46
8 5 144
8 6 158
8 7 331
8 9 519
8 10 196
8 11 694
8 12 901
9 1 349
9 2 960
9 3 601
9 4 232
9 5 447
9 6 446
9 7 213
9 8 405
9 10 303
9 11 293
9 12 125
10 1 559
10 2 698
10 3 763
10 4 567
10 5 439
10 6 986
10 7 654
10 8 653
10 9 4
10 11 446
10 12 627
11 1 995
11 2 276
11 3 220
11 4 826
11 5 968
11 6 562
11 7 679
11 8 595
11 9 778
11 10 923
11 12 902
12 1 871
12 2 238
12 3 525
12 4 143
12 5 842
12 6 430
12 7 921
12 8 373
12 9 424
12 10 398
12 11 104

3 6
1 2 45
1 3 710
2 1 387
2 3 118
3 1 845
3 2 535

1 0

