1
654
209528 384602 70 661727 881218 495
668726 74203 435 746130 474229 493
203268 298004 301 915405 950643 313
566874 630297 386 614810 963597 493
249728 606813 40 649606 639318 204
316118 167990 221 613025 758930 357
345140 292939 55 766396 721558 485
215960 226352 54 647226 271529 417
241881 225276 150 528367 732634 274
447589 654189 4 861514 816512 181
487165 546744 64 799513 564421 120
121563 147933 22 415527 680212 199
298446 31713 338 415818 971219 410
271253 389174 302 869670 735406 459
342856 521415 197 901411 647115 435
347348 85859 260 843738 365038 267
52914 441192 207 271787 623285 338
422776 246418 251 524290 951638 437
427956 260864 30 779118 657587 476
474170 417720 204 823476 522424 219
472413 500838 264 487279 985755 373
376922 552257 117 402507 811827 216
157041 453536 256 932096 766488 290
63384 84476 270 354689 990915 388
688376 466837 163 965969 970508 262
116835 508312 46 570027 846757 154
437492 235830 204 869784 674682 392
33267 230145 7 643465 899274 394
150665 352142 169 373531 886896 184
203618 323467 52 775870 392655 335
58962 738815 130 974788 781623 487
7825 322019 263 461225 451457 288
34643 779957 375 69159 965782 449
659531 136228 105 685111 379287 259
371147 336316 172 560398 904250 337
242896 386745 305 431200 919694 464
18998 53292 33 896905 355222 227
330843 486655 6 982261 567090 116
77490 743129 408 449629 926526 476
42342 567277 42 309831 627544 297
137357 43565 242 695474 431960 297
226484 172476 311 376352 198840 361
100377 726529 194 642176 866913 358
136751 168797 294 418293 172919 377
248704 783634 19 563115 905051 43
59889 509778 59 654851 756809 103
318673 705206 76 904607 901510 412
170202 193927 316 319210 379256 324
214092 397058 294 718371 597147 299
333910 36371 134 476490 274185 343
942190 284227 416 967150 657135 476
148968 29051 389 903987 657287 415
134842 262936 69 237254 453993 115
236008 812838 187 866861 989296 301
103861 818391 9 106456 980553 414
206248 158856 127 859874 362132 433
390465 416821 297 738694 763396 317
186388 321353 18 766702 870691 200
391902 497700 16 900101 609475 275
115139 67479 134 765410 612509 447
643078 158206 186 971870 775714 210
214729 805502 46 554624 878899 204
151116 379675 346 751724 504640 417
852380 151861 181 869269 958335 338
141750 455890 334 661680 488778 415
252603 542151 197 568268 920687 289
888019 235700 2 965465 789898 189
15491 1813 172 711604 725005 477
212315 478232 28 441220 930975 154
54943 329165 278 463770 497004 368
726105 503025 26 775520 511516 305
258768 259144 203 993443 809468 284
406791 155699 216 683626 787040 428
256720 165601 128 743650 938373 249
655528 967257 94 675375 976057 412
462080 506237 405 947400 940429 434
696645 200186 55 728608 672705 177
140654 623063 319 549133 960537 408
656100 468361 221 839189 858190 334
14822 326595 142 117858 557279 313
558544 578252 237 989038 588698 423
350813 484152 109 426917 903292 341
571992 535887 33 650241 746571 370
394637 46630 196 645131 353293 399
382066 581257 226 997810 798771 285
259766 391791 151 963243 784318 448
82407 564852 397 952420 757383 492
376312 707311 32 463220 810471 300
214189 184426 264 339698 201583 267
252430 487143 161 261933 622951 483
486839 442087 1 696512 862191 310
206832 35128 112 555892 934806 169
275939 404033 105 989564 635964 147
29860 249201 64 722892 920661 496
174543 456665 142 320221 647563 261
184477 431697 116 214658 835750 357
87868 53424 3 199824 289496 483
208662 369282 191 782110 498713 420
111815 645425 10 741049 905159 486
336836 81930 367 876798 248040 393
238500 67937 159 395443 786728 471
335857 409002 48 395530 804484 97
99321 446610 40 983993 854683 150
262427 572925 290 466497 977716 499
238857 649642 41 644948 708598 153
20296 162094 48 52706 262053 58
302092 525939 35 308984 568745 219
140129 324326 132 672840 766955 249
148989 767332 39 902582 998855 457
274065 145863 92 373832 788991 112
435737 169164 228 642821 677158 397
101722 191290 27 795426 518368 54
24896 117581 285 101820 702268 314
790800 125468 254 879435 943712 491
313994 193295 134 464600 382749 436
626532 29378 117 996579 107527 230
680159 183184 207 791898 349312 249
6115 161279 393 909549 773394 473
657974 41001 143 811970 211765 252
62030 309244 96 564979 321684 275
376140 633368 43 602424 691696 442
236998 500195 215 699826 861984 295
87210 344262 267 637843 969818 270
184330 729498 308 995240 840562 411
388003 10465 142 585607 470841 215
579306 249397 449 601072 853241 480
11796 772309 13 781298 953212 121
274981 345508 163 829317 475370 234
34085 274750 170 289715 297227 293
184692 223418 119 643107 298311 475
117910 70248 248 835936 304440 404
522094 592869 1 754161 748993 300
3325 417939 376 165197 724450 390
447389 358491 221 452053 686194 286
162787 201655 38 931906 448225 139
322312 216313 144 738401 759296 345
677790 50947 7 842616 837685 152
361323 117252 206 402610 902215 452
731431 425162 213 932026 689111 470
134310 707927 391 364157 858936 493
36448 66241 152 501470 764421 314
180282 38900 27 909628 941022 331
157651 136935 365 953389 451154 492
79639 209121 215 911298 853992 418
345844 863042 11 537075 964906 201
166151 278880 122 762881 491479 283
798219 27335 6 953873 296953 429
777276 536677 3 820095 599330 10
58481 254938 145 232374 679667 249
26609 171302 443 815358 581447 492
151004 220825 282 627848 223237 367
101023 92930 362 605690 580130 426
734639 663458 64 965202 766343 287
230033 121302 110 565974 260919 235
670905 375399 292 816414 851366 412
556010 69522 366 764736 470800 491
504941 301738 72 846555 474743 144
234143 114638 164 465099 541852 367
187736 200032 357 755302 481134 438
684175 723415 201 727543 986482 431
223146 414945 52 242524 840014 225
402564 387371 92 825535 933783 207
227545 550134 67 849322 681079 464
213386 29679 87 459900 382828 102
430294 638748 118 959690 682322 494
183414 298744 27 349104 417107 283
5580 499582 321 236839 499762 430
514066 211255 29 619486 936035 405
842242 462794 136 901600 494181 371
51525 28767 270 532912 398907 299
151143 126400 311 970492 285626 499
20427 781648 145 298655 889235 247
21921 334876 257 132658 758855 482
62068 37267 65 734051 92240 192
103534 214705 216 169006 948502 396
691099 363171 59 793361 677517 208
400439 519929 221 807243 888853 223
6806 438134 121 619122 908116 201
669814 527152 73 753767 715001 477
738047 221370 115 908477 945055 338
177279 395178 35 999225 832440 308
167153 22170 229 305885 488713 258
251055 190865 276 380177 258136 301
252240 116600 147 618050 736486 234
594229 29304 274 817685 86385 452
49085 75199 332 878962 528882 459
219853 293846 231 405963 926996 476
571470 226058 37 612088 552699 394
462362 429054 396 866596 749746 410
843302 283806 24 920450 550296 175
360056 698580 83 523491 893072 254
266352 247682 47 310020 995395 497
491156 417563 50 773201 629073 352
27828 751563 130 455140 788293 253
182807 531717 250 887133 999750 321
89417 798810 24 298096 943676 203
839571 440325 144 919052 980303 344
312410 308811 217 471774 337579 224
58145 183610 319 114924 440527 423
738212 301047 9 817473 753227 148
637290 503397 104 639756 858629 271
629937 914103 378 914372 932252 441
249115 59785 364 744031 649442 438
481715 414733 256 842715 728388 338
772588 114657 391 813921 469976 465
77188 511261 272 868827 638351 411
499729 227562 227 551632 341361 278
224712 362557 308 568583 989521 321
67276 8114 281 610091 683220 471
381867 362386 209 486521 976989 272
63993 691574 103 472326 754332 261
70179 302774 408 422640 850911 430
251074 386884 228 789071 604158 396
133980 335521 304 829593 576605 346
445755 834487 195 482774 869388 350
833037 84546 257 924044 682066 258
360604 530302 207 422705 947992 298
24846 242116 110 345461 563153 240
263195 120337 3 576636 944771 402
2162 573282 34 884970 665794 453
276176 129026 164 435503 379968 425
807824 670327 313 877334 811413 426
380233 107918 292 535955 154600 423
166205 478640 310 172763 724064 433
277931 41362 231 708459 111166 414
300052 346691 278 824513 666866 373
333121 716649 243 874677 761779 342
175148 159885 258 781093 839555 372
603171 110338 64 765930 397685 148
15797 544558 429 654054 926457 449
800277 323480 201 958714 660871 425
194427 658678 430 780550 886278 449
112813 217639 287 125676 996730 355
321671 297151 59 620155 530790 478
677248 535074 7 841177 741026 329
163777 206856 302 993527 272547 388
29303 403478 261 464347 480784 291
348317 375464 188 656917 987351 408
183500 410907 327 952436 760981 425
382452 101107 21 753700 920138 72
86732 605125 232 951288 618234 451
125925 601881 193 689120 901812 467
89515 184646 228 923575 678761 477
21824 153498 143 427118 314572 403
172806 30088 312 562896 87106 461
106227 525887 25 538969 623016 425
84735 522717 95 679080 911817 367
898930 329221 53 955393 457278 267
133831 293394 161 896666 618922 346
36162 159691 355 255608 540145 360
97379 20064 80 380994 367499 460
739804 677217 11 813402 983576 154
238516 210906 244 348438 287853 485
161076 162981 180 415390 270056 291
211229 808392 59 544656 977071 136
92176 327706 91 770860 596971 450
304330 329605 92 420849 742704 452
100261 165677 299 508328 516188 311
153726 230867 189 994627 504704 282
54590 79514 134 621246 535837 172
713013 462699 193 957811 912072 287
277151 550584 313 769533 867213 448
379896 387501 21 562488 579122 390
638359 388089 216 848675 669496 291
529932 418586 157 592253 698927 249
430730 314991 409 826153 969579 484
565139 294598 62 870314 661545 374
236504 500634 57 733325 578218 204
79254 230140 63 103228 990689 199
499473 385398 170 753423 716633 208
56138 554542 100 540519 793168 408
45182 210382 29 310245 345148 220
325192 1066 139 574972 859052 278
198751 536051 90 739263 774198 323
835873 136802 394 847784 550488 407
229367 12359 386 580498 873530 408
130424 431009 166 648067 857754 214
63564 790309 37 938988 833902 321
130766 251308 21 782512 701763 422
440510 234446 7 492261 703211 376
90380 551698 329 657191 713313 333
312140 252224 51 402625 977586 374
351998 16850 91 925161 598519 298
100229 542896 7 828041 754750 491
138856 368015 227 253320 926976 421
327811 747581 114 579091 821143 451
383748 712483 44 818840 968891 315
775084 208814 188 903199 254551 190
246826 746773 388 991324 973551 454
555719 100681 59 956736 486495 410
80747 145147 137 532813 395767 184
138735 57589 195 427192 143870 229
874566 482141 79 945574 485419 248
526048 253900 218 721595 574385 226
127646 740254 22 218486 861256 443
141769 373457 115 271033 854802 231
145303 13539 72 390910 836665 222
928513 619730 157 982560 951845 396
676046 198238 80 712520 317971 180
305987 75246 455 962407 339665 480
438697 572984 50 732560 921231 459
100467 214950 211 694960 376692 379
499408 878066 48 928904 952686 253
1477 717441 89 659053 993680 372
109606 186176 287 409395 669159 477
207519 151740 13 298081 913064 471
519098 48984 312 659969 371946 318
170699 29772 357 197016 262831 404
2142 234468 22 860341 491831 344
214509 400664 135 739172 701598 275
585894 23418 179 961381 210581 200
145382 42943 336 445836 238352 461
93969 223391 346 699937 831219 432
151924 932850 233 253385 943340 398
714016 399028 30 910136 963062 60
494646 903908 66 874507 964990 285
367038 52063 17 367670 684957 254
607064 87814 47 765308 990993 423
230129 273497 204 830079 946742 355
297270 246417 32 443218 525963 44
122148 343697 73 342115 738928 109
403787 147737 450 650113 578680 495
123299 94111 56 165355 839476 322
257054 143133 36 495187 318599 207
531321 352321 344 575447 495415 400
104212 11998 86 178563 617383 320
89270 687038 55 507890 997871 144
376017 377389 105 729864 603631 449
721397 8586 45 758072 810539 55
902168 315044 87 990592 721633 222
651711 510623 252 878360 710488 411
133937 425328 68 477749 427475 424
312355 545474 155 592715 551784 241
137558 16125 210 338430 840682 377
467770 752596 34 656078 897790 160
253314 157188 367 963688 553347 441
8876 146760 277 877610 520548 283
640769 521756 201 803514 690118 261
271385 449933 46 696498 933662 408
395213 468973 123 939796 679233 267
123716 97156 35 247364 906240 178
656349 671885 279 949133 843040 332
752582 170670 56 764001 452238 412
505698 275098 339 887578 289537 403
632151 344087 86 637902 823158 324
7836 852477 158 243736 964755 295
381 15875 455 267492 820509 463
417484 207305 266 654130 785680 442
591737 315821 94 652869 727236 333
8724 906641 41 455240 957352 452
611893 100620 171 880958 455232 383
779407 19839 27 988230 108128 485
379552 643232 110 949416 913502 147
268361 135381 113 728982 456357 310
17297 203121 422 117289 839018 435
657707 259831 314 999618 817331 449
815571 185121 51 932959 932160 326
239155 202717 264 513310 320334 388
6558 213555 132 134102 333461 304
164281 710039 70 168714 927822 325
307284 58852 312 974392 574707 462
63732 2106 183 190047 860263 271
311912 118163 44 786436 891483 468
211513 197562 296 295154 847232 332
335676 828221 129 535665 924472 491
435613 567298 33 574562 599742 240
637728 72849 15 685452 486089 302
473387 475572 374 844304 812249 386
46793 24178 138 265488 363758 454
218372 896006 100 280225 928140 374
319711 545694 433 633197 882723 435
373711 138845 196 959669 456615 416
440230 181305 108 678082 917663 263
272679 137491 185 365557 745190 186
288575 459717 277 875619 718334 395
525381 263992 144 903229 720733 386
750321 260474 23 898841 530015 225
27686 41714 23 248241 307080 153
26861 280616 200 94166 646451 429
16939 61955 296 558191 462500 352
901112 109380 94 994974 133822 278
402281 489429 86 747762 752776 333
94344 269064 360 127673 326164 370
75806 344015 176 717327 926257 278
454310 319327 72 768998 481307 79
341999 386099 145 661752 661304 459
57535 248295 111 306091 600372 282
72178 525529 10 524760 774143 43
306825 361267 284 982175 843438 356
211115 55816 120 738009 194784 397
6179 361381 116 368360 403011 362
356381 737603 20 884480 935073 218
230526 159922 5 663297 225591 217
684441 39935 96 879228 628973 159
612344 200771 402 957759 886298 415
260463 647052 372 295997 869410 404
253854 436631 155 444022 746339 405
820330 117014 371 991035 272785 461
219523 94695 140 707422 553083 190
586847 21194 24 612174 843280 299
167890 542375 365 582469 814982 496
538259 304201 306 632399 931902 434
403639 249101 92 595995 550171 480
255139 122343 96 356144 686988 219
337392 241980 244 905608 403391 401
127292 870862 130 382459 997644 280
324054 335374 240 434822 388865 425
231291 51860 181 705310 374043 289
452419 182636 325 567357 427760 459
31741 811132 68 44917 946213 348
650408 22572 11 758803 85955 33
83137 97709 99 243756 172106 149
172388 262740 314 446556 957684 393
223082 181735 337 340504 922845 379
113573 466255 46 285189 518343 465
149876 305692 266 334372 497571 355
243283 200394 350 615846 610979 460
310037 483450 95 312117 809194 446
668927 565149 127 923128 978007 324
630666 158291 148 794509 259301 414
294304 553828 256 862664 882518 432
303938 6136 295 922065 25030 461
211100 288140 16 838523 429530 292
759072 857395 63 906089 902918 135
227974 213731 134 768940 296772 497
223405 244636 179 746467 999969 376
146019 50956 169 733884 775179 472
32920 803178 316 110056 897165 474
429595 380832 431 895549 671503 473
87397 171977 451 545226 241014 452
43478 517391 283 225510 901966 402
474582 34613 353 863135 946940 420
73715 666173 21 79288 670703 265
348553 453890 147 467589 553143 361
91686 6805 134 586099 506106 184
585811 284247 88 843895 687486 434
462242 894676 72 620253 964483 437
550495 167353 363 998739 500757 429
327353 70361 12 978628 603002 155
206411 218563 338 224711 378338 494
770105 32072 123 990277 344764 434
368711 178433 159 417360 424329 433
342969 144504 238 789353 172762 441
293337 58503 51 622714 915414 225
72290 677366 166 949295 954046 359
404543 260706 51 646900 910634 389
64732 267886 344 154561 478670 459
467465 287267 38 535521 393793 307
142066 363793 45 292242 380676 353
425110 69548 187 796236 858113 416
222525 131292 223 964323 313392 311
134070 733354 192 313440 958137 295
81889 142393 168 659945 952384 312
609864 106358 119 840110 835333 487
567067 68503 173 782757 574957 496
423273 538522 154 664466 770864 452
647098 240207 25 736318 577989 70
13445 378304 213 366648 723698 221
594769 271566 54 700334 879340 261
70127 394576 288 738063 829047 411
465638 134665 87 597434 613044 288
244484 195648 169 877408 642352 198
39396 134512 67 978278 629452 355
604448 450124 218 794888 871018 317
574190 464570 190 815795 746841 396
86333 51635 59 446779 77073 331
599731 44250 25 757406 865688 253
234449 328720 229 846130 874892 373
770400 262230 70 820961 372664 359
607190 571133 217 774545 580419 343
222525 621569 11 592697 802217 428
315123 228190 141 684292 392250 261
501584 271387 24 929283 472759 104
870493 854393 370 892910 996454 465
936640 51599 193 940016 359104 422
191344 351438 36 641415 465367 242
890539 186535 19 938511 322734 375
487840 457005 30 809284 909409 256
364067 184755 48 717507 681054 271
247389 49792 95 981141 180499 210
476281 230175 214 703342 605834 320
278739 206865 330 843631 408774 350
161286 294061 25 855474 427292 140
879043 545092 260 893120 662405 445
236222 577437 200 866931 821751 228
537457 674723 83 573321 897504 326
341409 298033 121 798391 866360 133
678916 578852 155 854598 591558 220
410479 899425 93 738127 975994 289
488095 645661 79 686626 932024 336
376696 296743 286 576414 419775 313
168881 210036 418 760763 265372 432
501534 49890 108 648803 561961 322
68273 159528 51 160356 843687 425
409369 64515 241 533971 902433 336
533290 460598 120 857993 475093 237
328621 18771 129 963040 640558 327
125946 613719 246 466782 654421 335
706712 780945 233 975371 889933 395
420648 157196 163 672630 946056 397
2194 537297 40 348883 727248 187
692770 501558 193 756196 751196 383
580330 593781 469 730274 666168 473
665138 187673 22 729019 637755 339
213347 248558 113 243399 887542 328
47613 459231 328 442268 864813 408
140252 416984 203 493808 787508 384
101009 175318 103 198804 322878 324
597021 441882 34 719549 770893 220
774145 310870 34 895818 746653 125
74334 78750 360 561299 729374 397
332037 63577 52 959964 408175 348
523176 90915 63 813404 829200 207
340481 492569 55 786590 965288 365
197538 22031 279 826449 182973 343
148678 436559 81 234368 778292 133
297702 28958 93 370042 456035 475
217557 380187 90 806178 581500 301
35103 389746 205 87088 637735 453
55676 541291 115 867596 990633 385
311517 415739 152 950374 941448 398
147990 612728 390 941557 917038 393
204596 172390 115 694773 894367 354
78471 160603 94 857471 442211 232
142202 173281 223 995587 243885 439
650990 594401 25 812150 848522 344
44117 793290 330 535534 843011 419
57962 312204 174 662573 436605 301
48792 683225 81 310972 998697 135
827052 247922 88 958865 308796 474
509402 164968 72 920315 862744 410
886727 138585 221 940446 815406 417
238825 3321 105 988505 731271 418
123953 404808 282 631092 481738 319
222853 721555 322 299170 785798 414
361261 377754 172 723831 973548 342
939416 423278 57 989191 514487 442
438087 191448 211 886700 560926 323
86224 269638 294 265750 588065 388
268285 313161 56 846782 949428 186
202359 332432 303 536082 563453 493
172403 174680 10 481321 387806 220
248340 381714 263 810311 864645 330
389660 635379 353 564244 765944 466
86777 439247 95 806817 684959 327
22717 206063 135 821115 663222 316
800096 354864 187 965955 895649 437
801929 920654 199 843937 940625 269
168507 179858 247 216521 756182 310
310919 144020 183 530557 568519 229
110370 251476 180 283171 726635 284
164495 44832 413 601936 815259 453
536285 53263 2 910033 141190 317
201201 29317 388 682533 816446 451
116892 483125 27 375447 680876 421
253988 226293 219 335647 782167 352
217542 384920 315 654679 752823 478
511453 74032 96 872381 522332 325
762750 294921 179 901378 489336 271
219033 347516 30 558685 525587 95
472580 879740 77 960218 882974 324
891572 352046 249 923909 557186 393
27599 316305 44 341881 423887 73
366195 703015 254 473592 946097 286
16044 173690 222 615367 248405 236
103421 445259 44 728659 808092 84
403737 255686 90 461148 880477 348
501627 630001 361 942381 850902 468
246901 296020 59 622019 933312 86
282247 130841 20 671102 881295 227
93183 805195 198 811457 932074 201
68874 899575 37 658659 986144 126
18332 599849 139 149995 790907 182
43131 73778 104 539466 341747 326
181795 77952 106 758070 812389 291
178157 322995 141 667910 999102 387
394134 8616 117 574107 295732 403
358691 823908 31 999804 948206 441
93376 544456 347 189930 921339 353
194554 393264 113 538611 595026 471
678210 448014 70 701971 563173 233
167610 801886 67 643839 983769 495
141539 33803 37 352431 235654 418
318919 404089 107 735197 571186 320
61124 344314 21 910021 938150 177
380049 320445 25 513937 754479 168
523136 79133 425 656078 147173 431
560093 467560 46 820902 704574 416
26755 111544 61 218593 976687 309
459943 55597 71 515324 802171 168
39937 366157 338 723731 381637 477
306668 498572 63 653466 639869 288
573003 295491 296 704032 410638 462
750418 319655 108 849408 571895 268
167369 274402 291 622819 874146 296
163098 35277 234 916527 145524 348
485730 86484 108 993933 683844 146
69971 689131 5 629174 794933 160
521054 45456 15 996373 459081 200
245828 725506 69 783377 725675 326
21797 42036 110 912280 573494 475
135942 661459 11 365071 886234 50
53499 120746 28 673338 301546 302
156902 53313 71 358523 164942 360
264178 207659 261 867450 694915 312
19345 170923 268 640449 460141 451
502544 70026 45 553586 419698 186
339431 98709 470 953337 948116 480
272532 621684 17 283069 811122 346
382535 139720 23 445938 686319 161
346237 524847 266 735695 578684 384
618531 595837 393 711451 866372 470
681531 363318 157 988527 890641 280
134353 54229 20 919333 796858 113
341931 7495 41 935700 782881 453
81774 391120 140 996119 885312 249
678656 257832 106 975442 479643 278
255133 186131 309 718269 609606 348
384016 869069 229 905128 874417 254
135985 200814 185 626538 255488 274
99876 104513 343 326524 895848 434
513236 764836 75 963859 973369 425
347200 137632 457 748873 647683 459
450853 489000 121 831280 975536 289
202862 393651 64 881524 516448 383
603524 396709 61 784538 782504 369
585396 736488 224 600120 928927 351
826188 21279 246 995620 481594 293
597144 798269 83 848961 869295 176
376764 365915 205 779098 856392 477
532836 449006 86 772479 658410 130
138509 359038 74 162915 438707 108
230545 334985 267 631804 579973 333
115266 413099 279 801554 666594 397
198006 781544 16 473793 856647 124
372886 838623 21 879056 990023 475
243896 132578 303 698704 762088 409
47564 209450 230 215142 974219 252
880805 587287 10 906299 984396 99
539375 165483 198 563506 718565 239
626546 345629 82 959948 744814 455
567211 335130 123 662508 546934 292
804313 402456 63 858648 675412 165
13583 156593 279 705117 817733 454
437654 506982 414 969642 641441 491
22910 563397 26 708599 901779 357
56386 266468 100 241926 660733 455
622995 441121 240 790937 934025 491
498785 273709 167 900903 727764 177
52298 64584 11 518095 65854 458
60577 592292 94 275541 889768 309
82834 56795 170 697865 746873 253
716068 296144 114 969213 304568 463
678453 54496 15 916099 535930 308
