483 100
963 361
60 252
376 26
517 552
890 625
798 345
280 795
937 652
646 4
432 501
960 87
550 369
95 689
153 662
38 700
790 279
439 475
95 133
47 595
347 131
193 602
401 594
883 842
56 592
560 584
3 669
955 31
918 788
356 768
812 559
59 679
264 129
916 754
669 122
267 683
866 731
509 167
64 566
649 420
26 212
510 694
322 177
263 883
115 897
914 454
667 280
783 680
172 31
705 818
139 275
609 676
275 986
764 860
804 837
185 474
93 697
347 560
899 407
619 51
599 731
768 965
106 330
81 140
927 318
704 90
326 430
192 135
767 50
805 86
427 360
408 95
838 921
783 13
197 383
269 322
238 526
635 50
816 580
77 834
150 559
439 446
481 43
3 495
595 529
680 442
896 447
163 123
872 477
48 759
87 889
288 565
752 137
518 981
622 638
471 62
515 997
603 761
535 769
518 514
888 378
