20000
78 84 1 55 63 38 36 45 34 37 
8 35 64 74 14 45 34 80 80 67 
1 12 70 47 82 1 53 66 45 84 
85 27 78 25 39 62 35 52 74 82 
14 7 19 49 73 51 67 71 4 52 
53 82 19 6 41 11 55 6 70 70 
79 29 47 10 40 57 3 35 67 38 
36 70 25 23 68 16 66 61 10 30 
51 67 13 3 13 46 6 70 50 33 
64 17 54 12 76 45 18 36 34 40 
30 88 20 74 75 23 44 46 8 21 
2 56 40 53 28 44 8 15 80 9 
67 3 37 18 2 51 81 72 15 16 
42 17 55 77 25 19 57 22 45 36 
6 75 58 55 52 70 38 71 51 18 
18 82 31 41 11 34 6 41 20 22 
18 8 84 26 58 18 35 80 32 61 
71 15 52 50 1 9 10 53 53 84 
40 33 69 87 22 28 36 88 48 59 
63 19 2 81 57 32 64 79 15 67 
87 88 43 34 11 54 6 66 3 70 
26 1 12 39 16 73 3 61 51 71 
42 75 79 45 80 33 49 80 13 46 
52 41 66 26 76 66 80 8 84 33 
61 33 38 43 9 71 70 63 15 19 
72 28 31 82 21 63 84 29 47 83 
84 87 45 66 46 18 52 68 3 3 
43 25 73 61 32 47 85 78 2 36 
51 43 64 49 41 5 33 24 51 44 
69 32 54 67 1 23 60 31 44 49 
77 55 51 60 69 12 81 53 49 64 
24 74 62 42 43 2 70 22 38 3 
17 63 80 75 49 36 19 83 47 44 
16 43 44 58 48 53 47 68 66 62 
20 17 59 55 7 87 56 32 56 17 
37 40 13 25 70 42 55 6 40 14 
76 64 54 14 15 53 50 48 75 48 
3 23 80 27 50 59 43 49 14 17 
59 45 65 35 9 19 44 39 83 24 
56 1 34 81 72 60 86 25 57 88 
67 42 32 85 65 79 30 76 58 74 
35 57 65 2 71 4 52 26 82 30 
19 13 47 43 33 68 16 58 63 31 
37 30 55 51 33 71 10 1 87 53 
3 58 37 83 17 58 8 85 1 35 
11 13 42 57 48 73 87 59 88 50 
66 5 50 12 8 86 44 31 19 75 
25 10 63 13 41 69 69 12 22 82 
36 40 85 26 52 82 46 23 69 7 
80 67 52 57 86 80 42 4 31 73 
38 8 52 10 13 81 42 76 80 22 
23 37 25 82 53 18 19 78 80 31 
67 85 63 36 58 21 81 23 45 82 
3 10 48 34 72 67 8 11 70 28 
84 9 35 12 87 70 84 12 19 6 
9 50 5 22 28 69 28 46 25 49 
12 15 52 59 54 31 2 18 20 79 
32 55 76 58 53 8 62 38 84 83 
26 14 2 40 33 33 62 14 82 73 
59 15 10 5 77 84 29 16 59 86 
60 2 8 37 34 13 71 2 77 2 
46 46 16 5 82 37 11 81 1 46 
86 86 20 13 84 56 1 5 34 57 
49 72 82 50 7 50 30 16 20 35 
82 10 62 25 32 49 7 17 88 48 
66 62 19 79 51 27 53 29 3 18 
88 17 9 69 62 75 61 17 66 80 
22 34 28 73 39 15 70 81 76 81 
88 43 43 7 76 86 69 20 34 11 
6 68 41 3 1 45 46 58 40 5 
45 38 62 13 51 51 18 67 81 72 
71 67 88 29 34 26 26 4 21 73 
26 63 39 39 47 17 74 62 18 64 
37 11 69 47 6 16 53 29 84 34 
55 28 69 37 87 38 74 38 62 53 
77 67 43 79 45 76 33 47 40 17 
65 71 67 68 26 11 81 15 81 85 
54 56 49 46 88 46 72 78 22 81 
60 78 79 1 9 68 63 42 2 16 
66 63 5 49 30 61 61 33 45 13 
59 72 28 5 51 18 20 29 79 39 
40 21 23 4 26 2 3 44 83 20 
9 1 31 20 84 47 43 22 21 49 
26 16 69 68 17 71 77 21 88 8 
24 29 12 75 19 56 58 61 84 41 
73 60 86 52 62 44 30 50 32 58 
62 39 17 5 9 79 27 45 53 13 
53 71 82 77 54 67 2 33 2 69 
67 51 69 88 87 67 78 36 49 52 
74 82 54 62 50 32 61 70 50 46 
6 7 47 57 85 86 87 43 65 51 
64 12 3 37 59 31 39 81 2 14 
59 53 30 74 35 5 61 56 39 76 
44 62 82 58 50 76 41 2 69 75 
71 49 66 7 43 79 49 48 19 71 
23 5 51 44 34 88 78 32 21 6 
45 19 20 4 2 56 27 7 74 43 
60 6 52 60 41 63 28 80 65 45 
71 51 41 70 4 20 50 62 47 24 
50 36 84 33 83 48 29 36 76 44 
86 79 36 62 32 30 87 55 26 68 
82 65 18 41 68 53 48 56 35 21 
52 87 17 38 78 73 28 29 44 17 
18 52 68 11 11 61 23 60 26 87 
49 39 7 80 18 38 29 51 41 15 
46 36 55 19 44 45 47 4 73 51 
14 79 74 11 88 33 76 37 57 36 
42 76 6 68 64 17 68 27 28 23 
26 13 87 67 40 3 69 36 35 4 
83 82 61 74 58 39 67 47 15 5 
65 50 11 46 18 33 37 12 62 35 
15 63 57 43 4 57 6 43 60 5 
7 62 85 17 24 24 76 25 56 51 
20 13 69 10 82 6 57 64 41 34 
8 20 73 47 23 77 6 35 76 16 
51 36 56 5 65 82 8 81 42 77 
88 66 52 19 86 56 4 42 37 5 
31 66 45 21 80 66 12 8 59 28 
16 35 15 83 78 86 51 80 80 5 
38 81 46 5 67 30 13 7 35 59 
61 37 1 83 17 8 73 51 6 12 
63 18 41 67 30 48 7 86 62 78 
60 69 40 1 30 81 74 6 42 31 
40 53 57 14 61 66 39 21 31 82 
25 46 25 24 32 46 25 4 44 49 
27 11 73 32 49 13 34 25 61 16 
44 48 30 77 75 22 22 55 31 41 
51 1 39 28 10 70 10 54 42 22 
31 23 5 46 61 74 79 5 43 67 
24 1 63 19 7 58 49 87 68 22 
37 63 79 48 24 84 72 58 6 8 
55 68 6 56 24 72 46 54 10 35 
11 12 83 5 53 48 71 22 87 66 
61 46 6 13 48 44 19 54 45 17 
7 28 32 25 8 69 24 8 67 63 
9 70 10 9 36 63 59 4 16 42 
73 1 9 31 72 70 56 55 37 72 
80 33 74 43 21 31 69 12 83 71 
24 5 47 9 48 50 37 82 29 60 
61 30 64 14 87 76 1 66 68 69 
32 59 73 45 87 61 40 31 58 16 
53 86 63 37 10 42 62 9 36 76 
17 70 15 62 25 15 43 30 34 79 
84 54 52 20 2 77 80 45 20 45 
88 42 11 9 56 68 85 69 10 27 
42 23 46 40 50 65 78 68 10 83 
83 21 77 31 65 55 23 53 60 11 
88 49 87 9 22 49 81 60 3 79 
74 29 40 82 42 66 39 26 70 67 
30 31 26 18 29 43 70 18 4 59 
11 57 12 83 12 8 42 65 72 38 
1 8 7 75 35 72 78 47 76 65 
35 74 83 4 37 32 10 73 13 50 
86 55 77 47 85 11 15 66 6 60 
68 19 52 11 75 38 73 74 41 57 
55 25 80 56 21 12 52 51 58 72 
46 20 29 3 8 35 55 57 64 44 
2 66 38 56 70 13 32 74 24 86 
2 62 74 47 10 58 70 37 37 44 
49 21 24 11 7 11 23 49 39 17 
88 75 86 20 72 30 88 46 33 5 
44 80 27 6 69 77 76 88 64 6 
36 32 52 55 54 51 67 1 86 80 
71 72 84 16 14 22 42 41 33 28 
64 46 33 6 57 19 22 48 18 21 
52 2 27 11 42 42 8 44 64 46 
32 26 30 76 62 2 67 49 83 18 
42 54 48 54 13 46 62 80 43 64 
13 31 32 76 29 44 39 46 23 77 
56 27 54 85 42 21 18 60 22 15 
84 57 44 2 9 88 27 49 81 41 
14 55 82 56 55 61 72 10 75 62 
46 57 20 15 68 72 87 48 85 61 
38 29 50 24 30 69 31 63 50 38 
39 36 46 17 70 72 66 13 13 21 
88 23 49 7 88 73 54 37 46 54 
28 2 14 83 23 73 72 64 3 34 
62 67 86 69 66 64 86 9 15 45 
26 27 88 71 14 69 53 84 57 84 
86 2 72 79 30 26 3 59 79 60 
23 62 18 82 75 72 2 3 85 1 
6 88 14 76 5 19 18 79 26 53 
80 81 73 29 57 36 11 80 77 9 
21 16 63 48 6 39 3 14 39 14 
4 30 76 75 6 79 37 66 49 50 
33 33 88 53 69 12 67 63 75 38 
19 11 35 19 15 55 25 1 86 16 
87 76 76 54 79 58 70 51 16 77 
80 64 17 48 3 6 39 73 44 47 
3 3 65 64 87 23 52 81 45 2 
72 32 4 37 56 43 49 8 22 84 
53 56 52 58 27 29 5 21 30 78 
60 36 84 23 31 6 86 20 31 87 
71 18 14 18 20 19 29 62 83 37 
46 29 1 34 34 7 66 74 15 41 
40 47 83 49 4 42 39 66 53 39 
9 83 76 26 58 87 52 57 33 88 
65 21 58 51 85 86 44 61 33 85 
15 39 55 13 33 80 53 43 74 25 
5 22 76 79 60 73 73 10 29 10 
86 29 43 79 51 48 16 46 70 66 
76 51 70 72 38 14 19 77 51 12 
44 34 84 52 48 78 44 72 81 39 
36 68 30 38 52 66 36 8 87 8 
11 30 1 57 5 71 58 38 9 73 
41 61 79 76 31 36 79 44 26 32 
61 11 50 82 39 85 57 57 32 37 
56 68 49 72 76 10 63 24 84 21 
18 80 9 85 3 66 46 88 12 13 
77 69 48 75 24 47 65 60 56 71 
73 55 38 74 34 26 28 16 52 56 
85 71 20 18 79 9 36 80 81 24 
27 19 78 49 1 50 77 62 65 31 
80 64 6 38 76 43 59 46 29 13 
78 22 62 85 75 63 64 43 19 46 
40 24 28 1 47 79 47 22 79 47 
42 9 56 44 55 40 82 48 83 74 
54 61 41 40 74 66 16 62 38 9 
86 51 71 66 44 75 82 3 74 16 
64 81 72 62 33 62 69 57 20 60 
84 35 7 37 48 41 18 34 60 24 
61 81 29 6 46 2 27 63 32 63 
65 16 49 74 44 24 47 81 14 6 
64 4 31 78 66 75 82 9 40 40 
23 53 88 86 9 30 56 21 3 38 
11 60 24 6 27 71 59 46 14 13 
70 46 50 55 24 84 80 84 75 36 
8 86 69 7 11 83 67 4 49 28 
7 15 47 36 78 52 19 3 82 80 
26 35 69 53 33 10 46 39 53 17 
77 9 67 23 25 6 73 3 74 52 
87 83 14 83 14 48 10 84 29 55 
47 8 80 3 49 55 74 47 24 35 
20 72 84 45 9 57 21 25 44 78 
14 4 58 19 33 2 6 81 5 51 
57 83 64 83 6 84 35 25 69 41 
49 37 55 46 20 34 59 44 19 37 
23 48 6 64 51 40 17 81 40 35 
29 43 4 13 88 52 1 72 11 77 
12 51 86 50 69 67 40 1 28 34 
76 85 75 11 72 88 15 46 14 85 
7 16 6 31 88 83 47 44 83 20 
59 69 54 47 33 35 72 49 45 7 
72 68 58 17 3 84 24 60 63 27 
77 67 32 35 56 63 21 67 17 73 
24 25 32 53 31 66 55 41 15 77 
56 84 58 59 79 12 15 19 47 1 
84 52 44 53 16 60 16 88 7 9 
15 72 38 47 42 37 51 9 45 54 
80 10 10 74 86 33 67 68 45 54 
29 5 48 15 63 52 84 13 79 84 
66 11 51 37 2 40 35 36 37 65 
10 15 27 32 3 82 29 28 64 38 
24 8 20 60 1 86 19 12 23 45 
75 76 87 31 25 15 4 32 75 14 
66 70 34 38 61 83 76 35 9 79 
87 73 76 8 70 63 63 76 51 65 
40 54 65 30 41 14 13 87 38 11 
82 48 66 16 11 34 3 3 48 40 
28 46 78 42 56 20 13 41 34 43 
52 35 6 11 32 21 38 52 50 19 
31 86 56 76 46 7 39 38 25 59 
30 33 24 43 78 11 9 41 34 63 
9 46 61 63 62 78 80 38 59 42 
78 81 66 84 25 78 57 23 45 58 
82 35 39 65 81 40 83 14 20 44 
43 40 34 49 21 32 25 12 82 28 
25 75 17 21 5 18 46 7 24 55 
56 50 77 59 1 21 56 35 31 53 
1 41 56 13 26 28 25 68 30 10 
20 48 58 35 4 41 88 78 60 31 
59 83 1 19 31 73 69 56 55 61 
55 8 7 1 79 36 78 47 62 12 
20 62 14 48 49 47 16 42 46 4 
49 71 41 59 78 41 44 18 6 49 
59 11 55 46 85 42 36 63 64 20 
19 57 4 63 11 40 35 61 72 3 
11 47 44 67 11 2 30 17 11 69 
60 43 5 77 25 7 13 73 19 83 
21 30 54 85 37 9 30 76 50 85 
35 51 45 28 2 79 33 21 59 22 
17 85 84 31 28 51 85 58 29 20 
80 66 53 13 56 58 41 18 42 63 
36 79 9 75 66 24 48 38 76 46 
40 16 21 67 40 41 75 86 82 67 
42 13 80 83 15 71 82 32 32 58 
80 9 25 74 14 7 15 22 2 70 
69 49 57 28 22 71 11 48 7 45 
30 69 30 49 65 45 53 2 20 56 
69 29 62 31 76 27 75 20 26 59 
51 49 76 78 41 36 51 3 34 47 
24 74 49 42 14 29 7 39 68 69 
84 78 79 13 87 7 18 59 11 53 
50 36 38 38 33 37 71 17 30 61 
57 32 74 15 70 13 74 70 63 72 
56 48 83 31 48 13 18 18 15 86 
1 59 66 60 11 67 84 22 3 87 
23 69 78 64 30 45 85 84 14 45 
16 54 54 39 49 33 68 8 45 11 
64 74 2 36 78 47 12 31 47 31 
43 85 28 3 39 45 15 54 53 8 
23 63 50 74 68 46 55 10 52 55 
64 1 74 28 60 4 24 17 7 52 
84 26 56 19 45 13 29 62 15 59 
86 4 45 62 39 18 30 67 70 70 
3 14 44 9 25 51 6 17 28 49 
11 17 31 35 68 30 1 13 28 4 
6 68 63 85 3 66 64 55 18 54 
79 23 18 57 40 30 34 76 63 60 
81 70 68 80 9 49 69 49 62 45 
43 68 66 12 57 41 45 44 15 3 
54 46 80 57 16 44 45 81 69 19 
10 34 47 2 3 6 16 47 3 71 
42 63 84 52 60 57 17 49 74 64 
77 37 30 25 27 10 50 66 18 45 
72 24 51 52 24 15 44 38 16 62 
24 47 85 88 58 39 67 56 6 63 
50 26 48 69 29 14 64 23 49 37 
17 15 19 83 33 47 28 14 5 80 
69 34 44 11 66 84 27 30 23 39 
45 39 32 36 65 29 77 47 3 4 
77 1 23 55 76 7 38 53 9 58 
79 54 63 74 27 6 19 37 42 37 
87 62 86 32 83 43 62 27 12 27 
71 67 87 36 14 1 33 44 19 11 
81 57 38 17 32 60 15 1 66 11 
60 41 80 87 5 72 84 9 2 85 
64 7 9 6 82 23 27 26 61 42 
46 32 9 1 76 70 69 8 12 9 
84 1 46 26 39 60 58 19 50 34 
68 19 5 27 76 21 85 28 3 29 
86 48 36 85 2 65 26 79 73 42 
19 83 85 17 76 1 5 61 68 20 
46 69 24 8 52 36 26 58 16 62 
49 8 47 33 45 10 51 68 71 84 
78 2 77 38 60 34 67 37 54 34 
19 15 82 75 19 52 79 25 63 68 
72 38 5 37 36 9 10 54 26 82 
32 26 11 84 78 13 6 2 66 74 
67 56 11 31 84 78 88 49 50 75 
57 16 82 83 52 31 46 54 43 77 
66 59 25 13 8 9 55 70 65 84 
32 55 86 55 50 44 36 47 7 59 
69 64 71 17 4 7 61 84 31 78 
88 71 24 51 54 9 13 85 61 76 
3 39 58 79 8 75 39 72 4 61 
79 75 57 2 13 32 63 61 18 28 
23 74 37 30 32 29 45 13 24 10 
82 34 83 50 26 57 65 8 88 62 
9 58 49 28 48 68 21 22 37 23 
27 65 57 3 42 2 46 87 34 10 
69 25 58 1 72 25 24 31 7 68 
65 49 56 48 82 27 53 35 28 11 
1 11 44 17 15 60 27 71 71 22 
79 65 27 39 47 4 51 10 46 17 
51 35 48 38 36 43 84 51 85 63 
19 68 15 33 68 86 39 17 81 87 
11 86 16 17 80 16 76 80 4 2 
79 60 39 34 57 31 79 64 69 74 
15 38 43 77 78 26 36 44 75 58 
49 6 64 61 30 39 4 17 51 35 
81 5 68 33 55 52 72 37 14 63 
22 42 43 69 45 24 9 7 6 18 
23 75 22 61 83 55 18 80 46 29 
61 8 64 44 46 87 69 2 12 51 
78 60 18 35 4 73 64 79 46 36 
1 26 79 63 30 60 25 11 14 63 
6 35 51 47 68 60 70 73 14 33 
78 29 32 84 66 7 1 24 14 58 
40 72 76 20 32 3 37 52 84 31 
49 18 46 14 71 5 70 54 30 81 
43 5 36 1 84 58 2 12 34 18 
71 48 25 15 74 14 41 64 49 4 
12 62 45 22 75 27 28 21 67 63 
13 47 50 20 80 27 67 71 81 15 
88 18 25 34 71 82 40 87 62 87 
66 28 35 77 84 36 85 11 72 73 
39 67 40 29 1 20 51 5 40 83 
35 39 17 70 8 69 25 40 52 17 
30 83 46 44 45 67 52 27 12 47 
13 9 40 51 71 58 20 46 46 77 
17 64 36 35 62 82 77 76 41 81 
2 51 29 35 17 50 30 31 37 19 
28 80 75 46 34 25 28 45 88 22 
50 13 65 57 86 6 75 61 41 81 
61 75 43 80 15 3 40 59 85 1 
12 34 24 44 8 53 84 45 49 30 
31 36 63 83 29 4 88 83 2 40 
47 20 6 57 85 74 56 10 69 82 
18 78 81 72 10 14 52 6 41 18 
1 74 59 85 14 21 85 76 85 38 
49 56 80 23 37 49 21 64 88 86 
13 50 25 58 54 63 3 13 57 41 
63 68 87 66 38 29 42 61 49 53 
9 44 80 66 20 75 42 12 55 23 
46 1 49 11 84 50 9 86 69 76 
82 63 14 63 20 44 60 61 11 57 
28 65 73 46 78 36 64 35 34 58 
14 71 45 49 78 85 36 8 33 80 
15 86 24 68 69 13 28 30 59 24 
40 88 10 47 10 71 79 74 42 20 
45 32 82 55 5 45 60 58 26 11 
74 23 82 37 74 38 10 83 60 1 
40 54 47 35 43 77 83 14 88 74 
5 80 35 66 48 82 40 39 77 79 
37 50 30 82 78 75 35 82 17 14 
51 77 55 32 82 61 40 43 86 41 
42 50 53 61 27 10 45 50 57 41 
86 36 11 56 9 52 77 47 30 1 
34 19 21 7 82 85 84 35 37 59 
2 3 5 65 77 49 75 21 29 81 
47 40 43 70 14 69 31 36 17 51 
86 52 80 51 12 43 77 33 20 55 
67 12 3 4 12 36 27 75 79 76 
47 10 43 48 30 4 48 66 31 68 
83 80 75 31 46 14 54 45 68 22 
71 60 64 54 10 84 66 23 88 32 
76 9 74 76 74 60 31 52 27 57 
75 43 54 79 44 74 7 31 43 5 
27 19 70 30 60 35 52 16 7 16 
1 75 18 2 43 13 6 45 53 53 
16 6 35 19 14 35 71 10 34 74 
12 39 18 87 13 40 15 61 52 77 
18 78 44 4 71 2 68 17 4 36 
15 41 49 46 18 40 79 65 88 41 
85 65 25 78 78 20 59 63 8 47 
29 61 24 60 52 63 24 19 86 82 
21 72 82 61 85 61 32 52 17 43 
28 10 15 83 31 33 29 82 25 49 
78 26 55 54 39 18 7 7 74 48 
27 6 81 48 55 31 50 48 25 64 
69 35 88 50 80 4 84 11 43 21 
3 17 69 18 52 66 83 62 41 58 
66 65 49 71 4 78 34 1 17 52 
69 57 31 40 32 50 63 85 23 28 
56 61 53 53 54 42 52 86 79 4 
78 88 1 64 47 25 4 41 72 10 
33 1 82 7 57 18 10 81 63 37 
29 5 72 54 44 64 8 13 71 54 
54 79 24 60 82 67 33 25 59 53 
87 88 79 37 35 67 81 82 11 30 
19 3 43 59 14 82 73 10 61 11 
42 4 68 59 79 26 18 22 41 76 
40 83 34 8 17 85 41 25 14 25 
62 7 61 38 41 20 49 81 63 88 
44 69 6 82 82 56 44 75 40 55 
25 58 67 4 85 66 74 75 37 30 
51 61 50 63 50 39 32 59 75 23 
38 68 57 18 32 56 76 20 85 69 
77 66 1 69 32 39 73 35 16 74 
53 80 53 68 48 62 51 37 56 88 
88 24 44 50 34 31 26 81 71 69 
84 11 2 52 34 12 19 21 17 44 
3 4 56 44 4 31 72 53 19 64 
48 32 7 47 61 22 78 8 29 66 
25 7 37 34 28 75 77 33 25 50 
27 14 10 24 51 77 55 57 25 27 
67 46 75 49 47 14 20 72 53 25 
77 23 55 15 33 38 16 34 10 28 
2 75 71 62 49 19 2 3 46 13 
15 69 40 19 15 44 33 88 78 48 
38 41 33 51 14 78 69 27 40 7 
74 45 79 85 35 77 38 87 81 38 
2 52 88 65 63 21 19 64 19 87 
56 84 17 24 41 17 20 5 7 49 
72 52 41 78 8 53 87 13 21 3 
3 72 77 29 38 4 25 36 67 79 
18 27 40 41 20 10 61 68 23 71 
49 37 70 33 16 61 15 25 46 39 
22 44 24 46 48 22 59 67 59 19 
66 2 8 50 66 33 43 49 50 52 
83 85 40 59 1 45 26 84 8 79 
10 82 79 57 15 75 23 63 57 80 
26 64 77 69 7 45 46 23 39 5 
33 81 34 85 81 69 87 23 75 60 
56 80 63 23 8 51 57 24 2 70 
15 43 24 61 59 85 13 86 84 60 
33 32 55 85 31 73 23 11 76 29 
46 11 52 72 41 43 4 19 8 68 
61 43 54 62 14 17 9 31 62 58 
17 22 16 48 7 73 73 28 7 50 
65 53 23 81 36 54 40 51 44 14 
61 4 11 14 37 7 56 61 53 85 
88 47 34 68 24 42 38 49 34 29 
38 79 88 70 54 14 34 64 57 22 
35 3 23 83 8 40 42 61 5 17 
21 71 49 81 61 35 44 5 64 54 
66 32 13 20 57 11 43 6 63 3 
69 20 35 83 39 44 65 58 51 49 
49 2 61 73 3 74 79 18 87 54 
55 37 36 8 3 52 22 57 87 18 
31 49 28 47 63 85 61 56 25 55 
26 45 11 12 52 27 76 18 62 84 
20 57 57 36 35 49 53 48 52 10 
29 8 21 88 1 70 23 8 48 12 
9 23 80 31 76 5 13 46 13 68 
11 28 42 36 72 5 5 79 65 56 
44 51 16 11 17 20 5 13 62 65 
61 77 13 12 38 76 50 19 70 48 
76 60 71 37 17 43 82 53 47 37 
76 42 77 62 16 56 88 11 4 21 
48 75 35 73 49 70 12 17 86 48 
42 5 71 28 2 54 3 81 16 81 
34 87 6 72 35 30 4 4 73 7 
14 2 77 13 28 9 17 7 36 31 
42 19 45 78 16 31 11 80 48 61 
7 28 22 32 82 25 47 44 17 33 
23 48 74 23 3 56 51 2 51 65 
13 88 50 26 20 60 87 59 17 42 
81 58 84 36 81 45 68 86 79 33 
42 15 3 8 79 39 55 40 25 80 
68 44 70 22 41 78 85 53 56 5 
83 25 40 71 42 35 40 28 66 13 
72 23 70 70 20 81 11 15 3 43 
27 80 40 4 34 66 39 1 87 77 
22 50 37 63 73 48 38 44 2 57 
46 14 34 58 23 73 45 52 69 11 
60 1 9 70 18 25 51 26 75 32 
25 15 45 35 79 65 60 15 48 66 
3 25 85 48 76 41 5 86 22 69 
4 12 23 78 16 5 65 81 58 82 
3 51 45 19 7 28 3 43 1 22 
39 10 32 45 58 43 84 79 26 54 
44 85 33 84 86 17 32 22 40 14 
21 40 51 24 34 81 20 7 9 13 
48 44 76 66 74 43 83 18 22 22 
31 42 34 74 62 6 61 51 63 9 
36 47 60 74 50 78 1 48 73 6 
58 73 3 25 1 55 47 75 13 63 
7 82 87 63 11 77 82 29 38 45 
61 40 80 72 49 46 42 77 47 48 
38 86 21 9 6 11 28 81 20 30 
61 28 32 71 49 70 39 61 80 41 
85 72 18 50 53 7 38 81 70 15 
11 23 22 36 64 28 41 10 36 6 
24 37 69 74 24 21 50 63 23 62 
41 34 12 27 5 2 8 9 36 42 
28 77 2 67 71 13 22 15 14 8 
47 59 44 64 75 74 19 16 5 59 
44 19 80 85 76 24 47 62 67 83 
88 32 6 3 6 52 63 18 76 75 
32 22 61 62 69 30 50 46 16 6 
30 51 42 28 10 15 85 26 87 65 
46 37 46 12 79 4 86 71 13 88 
57 56 81 42 23 80 78 8 65 9 
60 14 62 76 11 54 22 13 77 15 
33 34 79 3 40 40 58 86 4 13 
48 35 7 10 36 2 10 44 36 1 
11 67 66 8 24 47 23 34 26 32 
72 24 15 44 51 41 88 51 7 42 
5 22 9 52 37 7 30 78 3 38 
67 42 3 53 44 72 7 57 52 40 
70 34 18 48 69 35 34 25 37 75 
64 51 78 63 42 55 39 71 7 52 
44 78 28 34 33 60 70 4 83 85 
1 52 64 67 65 6 6 68 14 74 
52 87 68 15 18 15 26 29 27 61 
8 51 56 26 24 23 45 49 31 29 
58 72 23 41 33 24 84 17 20 62 
17 44 16 39 26 88 79 62 48 59 
33 2 19 88 78 37 82 6 78 44 
32 66 50 19 6 71 30 80 39 13 
3 57 14 10 18 23 27 76 48 32 
48 2 65 61 66 62 10 75 26 85 
71 16 60 53 20 49 5 37 81 50 
30 45 24 54 52 82 16 82 84 7 
41 54 59 42 65 81 69 82 40 74 
54 47 62 84 37 2 65 82 66 18 
47 56 63 57 2 28 53 80 65 16 
74 22 50 33 42 15 4 84 49 68 
85 8 3 1 46 40 25 21 5 43 
31 10 23 25 17 75 44 19 60 73 
55 9 2 39 77 53 12 86 56 44 
67 53 85 32 77 52 4 19 17 48 
47 10 81 34 38 49 68 67 13 68 
54 22 31 74 84 9 42 77 37 66 
13 2 40 20 62 75 23 66 54 78 
16 14 87 21 12 69 36 70 64 6 
19 82 59 37 76 22 12 41 73 2 
67 38 45 62 23 76 8 21 8 72 
66 3 33 22 52 76 59 29 49 48 
34 43 77 57 13 73 29 72 79 31 
61 34 62 71 2 7 87 27 51 12 
20 87 56 49 73 3 40 67 66 35 
11 69 17 12 10 32 79 69 69 17 
63 65 22 16 54 51 11 22 67 60 
44 82 22 85 57 61 16 51 42 63 
39 59 24 78 65 36 15 46 86 6 
8 85 12 60 20 32 74 6 74 57 
39 34 3 84 25 64 57 57 3 42 
73 51 33 74 21 83 69 25 15 72 
33 60 11 4 9 62 54 40 68 36 
69 8 31 60 18 56 69 28 32 18 
53 75 62 46 1 77 86 19 4 42 
25 26 85 10 36 78 34 6 16 1 
41 64 33 18 35 33 25 14 81 66 
46 9 35 32 39 47 78 37 12 78 
77 4 83 71 30 1 14 5 60 60 
4 35 1 9 66 40 61 37 83 68 
22 46 85 58 52 1 68 54 78 43 
45 28 27 43 44 67 71 7 22 71 
50 34 56 66 60 63 61 27 84 49 
54 44 7 29 79 41 58 33 6 16 
86 83 69 19 55 25 81 14 52 10 
84 73 11 27 49 49 7 72 28 46 
30 56 80 52 60 21 1 20 51 80 
34 57 11 16 50 2 19 39 81 75 
32 81 87 17 16 68 56 61 75 62 
84 81 13 82 60 46 72 5 13 39 
86 18 58 6 84 32 46 5 77 4 
28 8 76 79 21 4 68 87 71 47 
76 59 58 19 34 80 2 41 6 47 
67 83 77 70 41 34 19 44 38 87 
40 60 87 33 33 20 67 80 86 19 
26 46 29 77 64 5 41 69 37 88 
85 2 28 84 28 75 71 86 7 47 
22 79 76 40 50 76 21 59 63 13 
41 36 29 88 6 81 48 5 81 71 
4 62 87 20 2 3 28 31 52 9 
53 41 84 25 87 25 74 1 83 16 
42 46 14 75 24 49 8 47 32 50 
12 46 73 77 29 69 25 70 18 26 
6 21 6 78 45 58 60 85 64 13 
52 36 11 23 9 11 23 29 43 13 
2 8 38 35 51 16 64 88 25 58 
7 39 65 2 57 20 53 73 30 69 
64 84 79 41 59 59 9 14 21 87 
34 68 15 20 30 76 77 39 65 22 
71 40 67 2 44 2 7 85 26 66 
50 1 21 76 21 83 78 52 43 18 
80 62 19 27 29 76 73 38 9 42 
16 19 59 59 86 26 57 83 18 74 
24 16 69 38 76 80 7 9 87 9 
8 37 22 74 41 72 25 34 56 40 
62 24 10 55 26 83 4 88 20 83 
61 42 87 79 60 35 71 88 34 38 
62 83 69 70 61 54 72 81 64 50 
72 42 80 58 53 85 77 85 49 49 
12 55 25 40 53 58 74 15 63 77 
59 75 18 9 11 7 7 88 40 82 
36 79 14 2 31 5 12 74 73 52 
46 18 51 86 83 52 31 5 14 19 
19 36 28 83 5 77 27 66 51 23 
70 2 62 34 8 60 6 70 63 17 
82 58 14 49 55 84 30 78 69 56 
66 47 40 6 15 6 43 88 33 3 
3 59 8 20 34 68 31 27 87 66 
51 31 33 34 67 61 77 35 78 73 
22 38 50 48 4 5 85 17 12 60 
59 27 16 21 33 49 43 48 80 46 
38 78 16 84 20 88 56 60 77 50 
32 36 75 18 33 54 76 56 28 13 
66 71 15 29 16 30 56 37 3 38 
54 17 49 24 5 25 27 4 83 50 
9 33 60 81 75 11 22 46 79 78 
77 59 5 64 82 88 79 72 75 86 
48 59 43 61 63 72 76 84 60 81 
77 71 57 57 35 43 52 42 43 62 
27 15 49 77 30 69 82 15 20 58 
21 15 58 83 20 39 51 62 17 10 
3 33 54 61 62 60 45 73 69 2 
1 56 13 73 5 49 59 18 19 85 
84 88 67 15 51 24 60 2 76 29 
63 41 9 72 50 87 79 85 62 14 
39 43 84 55 13 13 26 22 30 40 
43 61 70 20 16 6 35 55 54 14 
40 3 87 66 45 67 24 20 63 63 
1 65 36 22 14 72 55 24 83 40 
61 5 8 68 48 51 7 84 9 49 
1 67 48 86 38 86 37 3 63 3 
51 2 57 61 12 50 13 62 59 63 
5 65 31 22 2 37 25 40 81 17 
62 20 84 18 8 33 63 24 8 17 
65 32 11 23 31 71 69 79 56 12 
37 78 46 62 56 33 47 12 34 20 
12 27 83 22 44 5 29 53 23 47 
58 3 11 58 55 78 26 22 64 58 
19 46 55 81 5 21 44 15 72 28 
1 25 60 44 9 41 76 51 66 3 
75 44 3 17 45 54 83 86 29 61 
87 24 6 8 63 53 55 26 4 42 
11 11 68 5 43 43 38 12 14 36 
20 27 44 47 20 29 6 4 56 78 
46 78 67 45 75 85 5 29 22 76 
64 64 7 66 83 16 25 5 11 4 
22 4 61 48 73 46 37 56 13 75 
83 85 14 32 57 65 32 81 47 65 
35 57 76 82 63 49 8 18 7 37 
59 57 5 46 69 16 83 67 35 61 
8 69 61 2 17 86 17 19 33 7 
6 16 51 63 14 5 83 24 82 8 
30 36 47 70 29 51 53 28 40 58 
87 13 11 21 9 48 16 12 20 39 
87 57 58 15 2 72 7 53 35 73 
68 72 57 70 56 29 28 63 88 52 
58 21 80 75 55 42 28 42 35 36 
25 84 66 64 88 59 14 52 17 82 
5 25 36 81 5 8 87 8 34 67 
9 12 88 16 56 79 20 38 18 17 
45 7 15 88 2 88 55 22 16 36 
69 63 49 44 75 69 41 79 42 88 
88 8 77 54 35 35 15 71 75 32 
30 10 38 70 87 25 41 85 51 60 
11 62 24 21 5 15 67 54 25 61 
63 83 7 44 76 78 64 67 54 77 
43 41 29 35 39 41 53 70 54 19 
80 57 82 45 41 14 53 87 9 68 
44 81 51 32 1 66 54 16 11 62 
80 31 12 41 47 75 66 63 22 57 
55 66 46 29 64 64 3 73 63 15 
46 49 7 6 44 81 4 12 40 69 
59 43 66 30 16 82 59 77 20 26 
52 87 10 80 67 64 1 55 63 82 
52 17 55 20 1 63 56 72 35 83 
62 86 29 28 33 86 58 78 52 6 
48 7 66 40 81 55 75 13 60 66 
9 38 65 30 65 30 75 12 86 30 
62 42 40 24 79 55 21 14 38 67 
81 16 42 85 53 69 80 40 13 26 
64 32 27 50 86 11 56 1 7 52 
52 72 40 14 8 55 30 67 28 19 
81 84 15 82 64 78 59 83 73 53 
27 58 64 73 56 68 87 71 71 39 
66 34 37 32 8 58 24 47 73 1 
27 45 80 25 79 14 29 26 58 32 
53 13 81 36 3 72 55 69 33 86 
38 51 71 40 46 67 56 55 42 72 
26 61 9 79 36 61 41 49 7 84 
44 2 73 38 3 43 8 59 57 16 
32 3 72 84 17 22 50 59 51 82 
16 3 9 59 68 62 24 31 37 73 
18 23 36 8 4 43 39 83 39 18 
24 62 83 52 79 73 59 53 18 79 
58 65 50 74 1 38 16 54 71 26 
41 83 27 9 74 47 70 69 53 86 
2 87 74 12 63 1 15 1 53 84 
41 68 64 59 5 25 15 15 68 3 
25 37 3 56 83 75 81 24 78 41 
29 44 23 64 32 49 57 23 38 20 
75 65 8 48 87 12 32 43 22 45 
54 10 31 80 27 66 12 20 13 45 
70 70 78 72 66 48 53 74 41 45 
31 26 66 86 3 64 16 50 63 56 
72 33 75 64 69 10 76 30 85 36 
81 38 39 51 39 43 13 64 30 60 
72 15 36 75 36 8 2 65 56 72 
4 18 29 77 1 81 66 29 25 11 
7 13 22 20 66 79 73 67 55 33 
35 62 57 62 73 56 34 39 35 19 
73 63 81 77 4 29 87 20 16 46 
18 34 48 14 20 47 57 16 39 84 
86 79 83 43 63 64 82 15 67 21 
18 21 25 42 47 48 17 65 46 25 
67 26 54 68 8 21 20 17 5 81 
55 67 22 36 20 9 86 33 36 22 
84 23 50 36 30 67 62 16 72 73 
58 50 14 43 56 38 1 35 77 53 
48 13 75 71 79 44 73 7 7 60 
23 21 21 52 23 1 25 82 16 50 
33 1 75 87 6 52 11 81 41 58 
75 74 11 20 2 41 33 84 23 85 
43 88 1 14 60 70 23 25 3 70 
72 71 31 78 36 37 43 87 64 1 
2 83 14 80 19 84 8 34 68 78 
53 37 65 39 24 88 44 52 60 23 
83 46 12 16 70 88 81 11 10 24 
42 5 3 10 69 69 37 32 44 21 
87 47 20 62 81 42 88 42 57 84 
52 14 58 6 42 31 87 43 37 24 
20 77 4 58 20 83 72 34 70 44 
57 23 6 69 65 20 39 29 34 7 
83 72 45 84 68 59 61 52 39 38 
47 6 65 2 83 42 20 54 39 43 
30 67 39 9 44 9 2 81 12 75 
13 85 69 20 4 13 8 58 35 43 
63 71 73 21 38 69 76 82 39 8 
42 36 4 27 52 69 70 70 77 8 
51 4 11 7 79 79 11 3 24 82 
41 44 21 57 19 33 61 17 18 61 
35 13 88 84 28 45 66 63 33 14 
7 42 48 20 68 35 87 13 5 87 
32 82 46 19 13 48 69 73 5 67 
57 84 80 30 75 47 70 66 11 55 
11 51 55 37 59 25 19 35 50 23 
54 43 69 11 50 85 37 4 29 81 
44 21 47 77 23 44 16 18 79 75 
53 40 27 78 42 55 83 38 81 23 
25 81 73 42 54 62 40 43 40 67 
12 17 68 8 7 15 30 80 65 83 
19 21 2 5 15 14 34 83 81 38 
3 5 26 25 73 8 85 5 16 21 
7 59 19 65 5 61 71 75 54 64 
60 60 84 40 82 5 18 44 39 12 
1 54 18 43 64 26 47 45 10 29 
8 48 6 40 8 67 31 14 40 75 
79 58 5 26 16 28 8 77 2 39 
72 43 42 59 72 75 38 46 22 81 
57 37 16 10 56 39 13 54 33 32 
64 46 40 54 41 15 77 2 29 13 
73 60 77 86 36 69 22 70 23 40 
73 78 63 43 76 35 7 38 24 39 
48 28 41 56 5 72 70 52 42 78 
46 66 69 86 86 22 59 27 41 76 
32 27 43 77 62 16 56 32 35 64 
14 46 79 23 65 10 64 54 88 6 
73 79 78 36 37 63 73 58 88 54 
50 12 85 68 24 2 18 50 27 49 
76 80 43 65 21 34 49 13 63 41 
50 82 34 84 54 64 8 22 3 35 
45 65 17 7 40 53 88 36 79 4 
34 18 58 20 64 31 65 62 13 2 
37 49 7 51 5 41 27 15 8 88 
4 24 82 41 21 4 70 79 13 76 
6 72 6 15 28 37 63 81 9 36 
32 64 87 77 31 66 27 82 57 65 
72 5 73 28 33 19 72 24 20 69 
42 71 46 79 60 86 78 10 51 75 
66 1 12 27 22 74 81 34 19 67 
49 20 11 74 77 39 41 8 20 81 
65 73 85 80 43 2 51 10 73 28 
38 67 69 36 21 50 84 9 13 4 
38 40 66 63 73 16 62 4 75 64 
5 66 53 53 22 16 70 1 59 71 
42 20 17 23 71 72 17 74 40 72 
15 40 52 23 19 65 62 14 25 5 
16 17 10 27 1 37 51 49 73 69 
64 81 26 30 84 77 60 83 87 18 
87 83 35 81 37 72 12 30 24 44 
69 78 80 25 33 70 42 22 13 51 
46 18 69 66 69 4 22 68 58 65 
70 46 75 60 25 21 70 67 18 80 
41 37 66 50 74 80 56 87 6 18 
40 62 72 16 18 64 40 1 14 32 
63 15 5 3 41 57 48 20 15 25 
30 65 77 60 40 27 73 85 30 49 
64 84 40 57 80 80 5 87 48 87 
13 27 31 19 66 41 13 58 53 86 
77 84 61 53 66 23 62 87 56 56 
58 47 54 49 16 49 39 65 56 9 
65 14 6 73 52 86 73 62 6 14 
43 12 74 25 51 24 14 18 48 65 
73 8 43 5 58 24 84 27 45 35 
5 10 41 52 28 56 23 32 18 25 
53 27 73 20 67 40 50 6 28 27 
59 7 82 62 74 12 23 33 78 13 
72 80 37 11 15 38 27 13 19 76 
75 84 72 3 7 88 20 58 85 42 
30 53 80 19 17 29 80 83 6 68 
60 42 12 25 29 57 16 60 51 19 
32 37 9 62 61 33 87 50 75 57 
56 45 64 41 17 44 6 21 35 23 
31 71 81 31 78 60 40 11 20 34 
77 73 72 12 60 59 33 71 63 78 
12 66 66 24 8 40 18 83 60 53 
5 64 85 30 57 5 67 47 55 86 
66 73 12 42 29 74 43 10 48 5 
70 12 29 72 23 31 77 87 86 64 
30 26 34 19 85 67 49 40 30 51 
26 72 12 63 61 84 11 51 73 75 
35 40 44 41 75 78 58 23 10 59 
88 2 34 53 40 74 50 55 63 55 
13 59 72 88 25 11 59 52 28 7 
56 65 20 37 38 46 82 77 81 18 
35 84 76 73 5 54 53 3 48 52 
62 54 18 1 33 67 48 71 39 26 
72 25 76 76 63 36 85 81 64 12 
81 55 71 56 56 49 79 51 14 62 
31 14 63 13 71 87 84 58 68 62 
21 5 57 24 3 37 81 16 41 13 
13 44 22 26 36 47 17 35 15 57 
41 6 59 82 19 29 59 21 73 5 
82 73 38 85 38 18 66 24 1 62 
87 22 71 15 82 11 17 80 40 36 
22 56 21 2 82 37 7 9 22 8 
6 26 27 69 52 36 76 38 57 10 
36 22 71 35 86 19 19 46 32 72 
18 84 66 52 42 33 72 38 33 5 
85 49 16 16 12 42 38 75 25 69 
6 75 35 40 8 62 42 30 35 88 
25 28 60 32 4 45 64 37 47 24 
87 74 16 18 6 83 69 25 87 52 
46 80 32 55 12 9 76 11 79 43 
81 34 41 52 35 51 72 19 75 66 
2 85 17 26 53 76 36 14 69 3 
32 41 7 84 79 4 57 81 82 51 
21 2 72 25 38 61 46 32 10 46 
45 88 76 62 47 86 48 14 67 78 
54 52 44 11 29 25 44 22 59 9 
19 17 33 37 69 74 38 20 50 30 
25 51 44 44 54 33 19 31 11 27 
22 52 86 23 12 63 15 52 39 29 
72 27 64 80 72 45 47 66 23 68 
42 75 64 53 20 27 15 88 56 24 
51 49 83 30 5 22 7 3 36 74 
6 52 84 6 8 53 18 42 51 78 
48 51 16 18 38 35 30 27 66 17 
48 17 62 37 7 33 81 49 10 5 
39 64 72 35 85 6 62 16 76 4 
55 5 70 22 41 23 4 51 63 46 
69 49 20 3 5 59 67 44 53 52 
18 17 35 42 84 21 72 81 67 52 
49 23 4 41 12 83 2 37 73 67 
8 7 45 33 80 42 26 15 14 71 
77 67 85 16 2 18 40 2 79 71 
84 40 56 40 65 5 38 16 65 38 
76 17 80 9 44 52 43 86 40 41 
14 60 67 46 26 19 43 18 69 73 
32 23 52 16 79 79 11 77 15 44 
43 38 27 1 6 5 76 38 50 71 
51 23 9 42 12 70 31 39 28 39 
17 17 9 1 73 49 43 61 2 22 
13 34 81 52 32 27 50 71 62 29 
63 20 51 35 68 4 50 34 61 49 
30 22 39 45 52 67 51 70 79 44 
22 25 13 42 86 34 11 88 35 45 
64 64 8 14 19 26 43 5 15 65 
83 18 26 39 37 59 75 45 31 8 
47 40 62 66 22 35 66 16 53 54 
75 51 38 59 85 3 3 64 16 61 
38 38 80 50 87 70 33 49 10 2 
60 46 4 41 47 66 3 16 29 22 
81 3 62 32 85 70 79 46 79 68 
23 16 24 26 28 87 75 68 63 35 
37 21 60 11 50 39 71 71 88 6 
24 30 39 81 45 85 16 81 13 80 
77 67 40 69 26 1 29 79 70 40 
79 42 73 66 43 42 76 40 77 54 
77 32 31 75 4 75 13 82 50 38 
28 75 85 45 81 41 30 45 15 33 
7 62 76 24 43 11 42 26 11 66 
69 5 45 21 4 27 8 51 59 86 
81 13 46 11 38 37 17 17 50 6 
24 45 85 43 72 11 21 67 3 11 
17 70 56 56 43 24 65 9 12 8 
49 53 32 63 36 40 29 12 53 25 
46 35 33 34 5 7 2 29 13 62 
50 5 75 69 58 84 17 36 71 25 
74 81 36 47 58 35 43 73 11 53 
75 84 68 78 29 26 21 22 15 43 
83 21 8 1 67 47 27 58 7 8 
41 40 55 74 11 28 40 17 84 50 
60 6 41 65 48 21 6 13 2 27 
24 85 12 15 82 16 39 86 46 37 
82 68 22 61 23 6 8 66 41 15 
18 31 61 2 61 77 78 79 27 30 
60 10 19 2 16 64 74 47 18 50 
21 41 54 47 70 87 75 15 47 30 
81 77 53 51 7 16 75 32 30 49 
16 66 11 20 51 18 26 58 79 7 
41 64 41 28 9 63 49 69 55 53 
30 75 55 72 71 17 43 7 10 48 
86 82 58 28 74 42 19 38 31 5 
13 64 23 39 28 5 11 68 38 49 
79 41 9 59 51 3 35 42 18 48 
64 86 45 71 46 21 76 43 71 61 
9 82 3 27 25 3 62 40 64 7 
1 61 27 86 18 30 20 26 3 8 
11 69 27 52 72 24 31 80 45 69 
5 14 23 69 18 3 4 27 32 88 
81 39 52 66 74 4 15 85 36 51 
57 5 34 34 76 20 12 78 85 44 
22 72 62 22 23 72 87 81 65 40 
64 30 42 1 46 27 80 19 46 37 
66 20 53 43 77 67 43 1 83 15 
10 40 68 73 12 17 5 69 54 85 
85 11 56 35 41 1 47 12 86 73 
12 28 54 82 59 70 9 44 73 23 
79 48 57 8 2 27 71 46 53 3 
49 82 35 7 10 16 16 2 23 64 
36 50 65 1 1 41 7 74 26 75 
58 74 57 65 87 53 52 13 69 85 
14 50 25 41 11 51 10 35 26 39 
30 63 39 34 1 34 80 6 26 6 
3 19 14 23 4 52 65 63 46 13 
73 63 12 74 62 76 18 47 59 41 
72 64 84 82 75 78 53 33 18 84 
7 10 78 44 4 77 61 74 74 9 
4 62 26 60 69 18 15 44 81 38 
71 52 28 75 63 61 39 76 55 84 
8 31 75 25 33 22 47 35 77 73 
72 79 40 36 32 30 27 7 5 62 
51 8 77 9 76 73 88 74 60 32 
75 32 55 61 81 76 76 17 39 26 
38 73 71 9 86 9 52 57 48 62 
45 17 26 88 38 77 14 45 21 6 
45 34 53 61 2 28 65 50 59 73 
60 43 47 50 6 78 74 37 47 36 
12 21 83 32 15 79 13 39 19 55 
26 85 45 84 40 2 29 5 53 82 
54 73 28 52 64 83 21 46 80 61 
22 72 79 22 47 15 45 25 29 52 
65 14 3 4 21 63 13 34 8 41 
36 80 34 65 58 1 69 7 11 6 
12 55 67 10 24 10 42 25 84 8 
52 70 37 16 82 74 41 71 53 11 
74 63 2 71 3 13 1 24 84 21 
83 15 26 88 56 74 29 38 26 21 
16 17 31 33 48 32 51 80 80 71 
44 84 76 2 45 63 80 68 77 3 
52 43 81 21 47 35 53 40 32 62 
48 81 20 55 81 36 45 3 6 38 
37 50 9 76 48 14 58 26 12 37 
68 37 65 88 83 75 67 42 56 11 
24 52 42 48 47 60 17 60 50 83 
72 68 14 31 79 37 24 31 29 64 
41 23 54 4 83 7 10 79 20 81 
13 85 8 86 58 29 47 42 42 26 
45 62 70 82 35 62 81 45 53 88 
3 63 66 70 65 41 34 78 66 86 
52 56 55 48 45 33 7 72 49 7 
13 31 45 50 64 52 42 9 83 12 
9 85 72 9 68 30 11 4 16 26 
16 86 18 24 43 79 5 88 85 7 
83 38 47 41 15 30 38 38 11 21 
30 65 49 8 47 38 80 83 21 1 
44 43 41 37 83 45 22 22 4 29 
46 24 24 30 54 5 67 67 68 20 
13 40 4 29 38 60 44 64 36 50 
43 8 40 20 67 87 66 75 72 45 
15 19 30 17 26 6 86 69 37 22 
17 41 12 7 38 76 21 88 63 40 
6 39 59 86 16 25 76 74 19 74 
80 56 15 45 51 78 46 8 86 39 
37 30 66 15 73 30 36 70 81 9 
55 9 56 1 82 42 54 76 73 51 
24 48 84 69 61 65 19 21 85 39 
68 57 5 7 70 19 24 80 49 83 
32 34 31 68 61 29 9 53 77 43 
31 84 43 2 49 52 75 63 10 53 
59 80 34 87 36 84 5 16 56 29 
84 32 46 23 51 78 17 30 38 17 
61 39 59 42 82 76 16 66 3 63 
36 32 13 51 44 16 27 55 13 66 
10 53 76 11 76 3 14 57 77 78 
64 19 80 82 6 47 15 1 44 28 
56 44 51 70 64 82 9 59 5 75 
27 80 51 18 81 71 22 51 4 49 
20 52 82 78 45 3 15 83 49 21 
32 6 13 5 27 47 10 38 80 13 
45 33 36 43 14 17 46 80 6 57 
37 38 66 18 30 53 37 83 5 37 
55 6 10 35 24 32 11 8 33 61 
85 68 11 18 84 10 37 19 80 30 
35 80 7 40 86 81 23 75 4 3 
17 88 69 38 14 37 46 22 22 24 
23 18 71 32 15 17 70 67 64 27 
48 17 69 45 46 22 9 11 64 3 
67 50 17 88 2 3 33 39 87 38 
34 3 2 67 14 65 22 17 48 81 
25 14 33 39 12 74 40 67 47 25 
45 65 40 59 17 23 67 55 18 35 
61 55 66 10 15 6 73 12 83 11 
22 4 25 75 34 28 72 48 84 48 
47 16 12 42 48 49 59 86 85 50 
59 23 7 59 38 72 87 57 20 55 
44 79 73 27 21 18 23 7 39 1 
17 44 8 40 29 62 29 20 64 40 
6 87 21 15 26 80 59 85 50 44 
81 21 50 88 66 62 17 42 35 31 
82 87 11 65 71 35 26 86 16 25 
24 43 1 19 86 10 62 6 51 22 
32 29 11 3 39 12 57 18 23 87 
81 73 30 81 45 84 8 1 30 75 
56 63 45 26 18 39 88 82 31 65 
19 42 62 29 1 15 22 56 15 21 
15 34 77 34 8 12 74 72 39 28 
58 79 77 61 83 81 64 50 70 57 
61 64 34 5 60 26 33 19 27 83 
62 8 75 38 48 38 24 85 67 42 
18 23 20 6 88 30 10 49 84 42 
40 20 7 1 26 46 75 29 44 15 
59 28 26 18 3 67 24 2 31 52 
10 4 44 12 79 68 28 86 51 21 
60 80 84 24 84 79 46 20 62 27 
62 31 31 1 67 83 81 34 12 37 
35 55 59 50 83 65 40 62 37 11 
46 17 38 16 80 21 87 25 73 28 
51 7 64 54 31 17 20 66 30 86 
44 84 42 27 29 13 59 81 9 80 
61 60 61 36 14 28 23 65 87 41 
72 33 76 41 22 27 72 82 54 86 
49 56 30 14 52 59 23 68 69 12 
85 71 51 41 88 57 10 29 15 11 
48 37 56 80 26 58 38 46 70 20 
37 35 81 80 70 45 48 41 45 43 
62 41 32 7 75 35 75 33 36 21 
84 58 60 38 9 47 72 78 70 85 
52 27 39 83 39 15 1 28 52 29 
34 13 60 66 34 31 37 65 58 31 
69 69 65 76 76 45 12 20 88 2 
70 18 35 41 21 1 79 51 23 55 
45 86 65 26 3 74 43 24 32 54 
79 83 44 32 41 5 82 58 73 45 
74 75 8 43 80 16 18 85 53 59 
3 72 28 14 65 4 39 5 18 63 
16 13 81 66 39 46 54 15 12 85 
34 80 9 12 27 86 35 56 44 79 
22 59 8 13 88 41 22 15 75 41 
33 67 80 24 20 68 52 3 64 88 
4 24 82 21 15 56 28 56 45 75 
76 15 58 64 83 15 1 39 30 32 
42 34 25 48 85 60 62 39 86 35 
58 66 2 70 50 40 13 31 17 39 
53 87 3 31 71 67 81 3 24 26 
77 67 68 65 44 14 8 22 38 65 
38 70 24 17 37 60 64 16 47 23 
43 50 63 61 48 16 34 6 88 4 
30 60 46 3 30 16 74 41 41 79 
46 28 8 32 5 65 88 35 60 28 
27 35 46 53 70 12 78 58 78 16 
33 82 71 64 76 21 30 33 71 53 
29 87 33 26 25 27 9 12 25 3 
24 59 53 84 6 53 33 4 17 77 
44 11 64 32 66 58 74 59 5 2 
29 4 75 31 32 36 23 43 11 44 
69 52 12 48 44 34 23 40 21 60 
63 73 27 33 36 2 47 32 32 15 
66 14 85 9 59 41 52 28 75 23 
44 55 18 53 33 18 2 16 22 32 
88 10 65 45 35 25 1 52 26 39 
81 80 19 7 78 79 18 8 81 65 
57 67 18 85 3 4 78 37 48 40 
21 78 87 12 67 85 52 70 57 64 
80 51 14 22 21 43 82 6 68 61 
2 57 55 38 22 62 61 18 55 14 
60 54 72 14 12 8 5 58 81 23 
22 35 50 6 7 60 15 15 12 15 
83 3 17 22 75 38 60 12 28 19 
30 14 41 30 63 60 21 67 81 28 
41 72 60 25 8 37 47 60 52 32 
88 69 21 32 8 88 52 35 82 28 
67 19 86 57 52 17 55 25 33 45 
60 3 32 65 50 65 39 26 56 5 
31 15 7 88 24 80 28 69 56 85 
72 87 2 38 63 46 41 22 21 58 
78 78 48 33 13 44 20 51 69 16 
86 59 41 38 75 34 19 25 19 71 
74 67 61 80 16 50 71 22 17 31 
70 59 51 41 71 20 78 27 52 81 
7 2 38 59 66 82 11 84 81 85 
25 49 65 28 6 9 62 35 30 84 
66 11 87 43 24 58 69 69 41 34 
47 84 60 23 61 74 11 76 31 23 
46 19 80 47 16 17 63 31 41 33 
33 65 57 68 82 17 35 7 3 64 
78 77 35 32 10 52 71 23 55 88 
7 66 27 76 79 40 82 4 12 88 
86 16 79 5 27 32 40 55 50 60 
75 2 56 84 69 46 75 6 3 66 
28 65 35 44 21 53 59 1 87 82 
41 22 49 33 57 4 83 84 66 26 
45 15 15 67 60 57 8 81 25 9 
74 43 76 6 51 68 19 47 11 19 
5 52 40 25 31 54 61 21 69 76 
53 41 88 52 52 57 56 41 4 10 
81 80 47 7 31 62 72 45 41 63 
23 72 11 30 19 80 4 72 31 3 
7 88 34 23 14 40 36 21 30 87 
31 31 76 53 38 22 75 3 32 32 
56 3 77 5 62 41 67 86 76 3 
25 86 50 31 32 63 80 26 11 78 
32 70 4 29 83 44 23 52 37 35 
41 10 30 38 41 86 6 74 57 17 
72 43 53 12 45 55 28 58 55 31 
16 6 14 53 64 7 42 39 60 82 
58 88 10 8 34 35 84 10 41 39 
54 45 10 73 1 46 16 65 83 15 
71 43 10 50 73 58 57 45 3 5 
27 37 66 37 57 83 34 22 46 12 
21 2 71 42 69 87 13 85 75 4 
82 37 62 2 50 79 74 86 6 58 
10 40 38 21 87 30 61 6 30 21 
62 48 84 37 44 56 34 58 25 32 
63 3 81 88 84 64 86 54 66 56 
79 48 39 56 5 18 59 54 56 51 
25 24 2 4 82 37 88 20 49 55 
34 25 40 41 85 13 85 86 81 44 
71 40 12 83 68 25 65 59 59 64 
56 23 19 20 55 46 2 16 51 14 
86 1 35 28 10 5 79 35 83 56 
23 38 85 66 86 9 23 9 74 43 
56 6 49 72 56 24 73 16 8 34 
50 10 44 22 77 13 20 49 51 34 
44 41 41 32 51 67 19 82 22 87 
60 73 55 38 3 41 45 24 1 65 
14 4 18 61 33 20 81 73 16 85 
44 73 23 40 5 37 14 88 84 7 
3 61 14 33 41 6 75 61 14 24 
37 53 85 85 5 88 46 69 79 39 
5 64 54 65 37 47 55 26 68 14 
67 60 65 86 39 8 80 72 41 10 
43 87 63 83 19 3 73 41 1 28 
66 60 58 67 40 4 53 85 74 11 
66 38 81 64 20 57 52 4 82 32 
27 30 59 49 44 43 7 27 18 14 
61 25 11 62 47 35 68 43 23 11 
71 1 42 30 35 20 74 49 24 23 
16 2 9 50 36 42 62 28 29 61 
14 82 12 4 81 69 51 69 61 20 
42 87 1 16 15 17 22 58 4 16 
50 27 41 50 64 32 24 69 66 44 
37 40 81 60 9 61 21 6 33 42 
31 3 50 79 52 86 56 5 83 69 
46 79 27 62 53 16 83 2 53 85 
35 24 54 35 29 84 47 66 51 23 
8 71 65 77 50 69 19 57 4 62 
19 44 10 85 5 16 82 62 34 15 
74 29 42 11 78 40 72 88 19 30 
27 51 15 84 72 74 11 18 10 47 
15 87 29 71 59 61 41 46 7 51 
35 51 84 34 86 26 60 13 46 48 
82 14 37 36 19 37 24 3 17 45 
17 56 33 59 57 9 59 79 78 65 
86 10 8 18 80 83 31 88 75 55 
13 4 56 57 43 45 81 85 22 59 
8 46 27 16 68 9 16 34 42 8 
8 75 65 82 33 34 1 33 69 34 
30 84 79 31 39 62 69 80 42 13 
87 29 52 49 39 37 13 24 51 29 
11 6 87 74 66 38 57 36 37 18 
37 59 20 34 10 34 25 44 55 67 
78 49 80 36 21 60 18 36 10 8 
72 50 86 22 88 33 61 17 9 55 
68 38 33 12 73 50 13 76 3 70 
55 17 69 66 48 8 68 3 54 32 
76 34 34 70 23 22 73 3 46 39 
88 74 48 62 70 62 48 11 65 58 
11 52 49 57 46 6 68 44 15 77 
7 48 55 21 25 66 55 32 63 23 
75 19 83 29 59 5 8 54 59 27 
75 3 86 70 28 58 1 72 6 53 
45 39 69 16 7 70 62 42 43 80 
77 39 81 51 5 55 88 28 51 18 
35 54 46 36 58 22 88 35 12 1 
16 73 75 13 22 84 30 24 85 22 
48 76 29 53 81 42 48 35 71 62 
74 21 25 8 12 65 86 18 27 9 
34 17 58 63 42 64 42 76 48 41 
33 32 16 51 38 1 38 28 72 71 
77 77 13 39 12 69 79 22 15 40 
54 33 88 47 31 47 2 59 12 50 
68 48 37 38 52 65 54 35 52 7 
46 31 65 14 33 29 87 13 8 71 
11 84 71 58 87 38 71 13 12 75 
55 62 87 70 35 36 42 48 44 63 
23 56 80 22 12 63 11 52 59 5 
47 42 70 64 20 27 65 75 88 31 
39 59 38 37 68 75 81 70 35 8 
5 39 1 48 25 43 12 47 29 82 
14 21 25 17 23 13 66 24 62 39 
5 73 73 8 81 12 12 73 13 25 
53 24 5 57 36 64 64 12 33 72 
2 85 27 63 79 57 73 27 47 5 
33 37 83 73 70 19 85 81 52 84 
28 50 41 10 79 63 27 33 61 84 
24 41 70 3 63 1 75 76 43 76 
18 33 54 49 78 71 61 71 15 18 
77 48 62 31 64 57 13 55 38 40 
42 75 67 41 58 61 81 29 11 10 
20 72 42 26 77 82 84 52 17 77 
24 54 2 36 74 67 79 51 31 76 
55 23 48 37 41 58 48 41 43 41 
14 71 62 49 28 23 59 2 66 33 
44 78 51 4 41 18 13 3 22 33 
41 56 30 17 71 59 83 5 65 61 
54 33 49 81 17 54 87 86 78 72 
31 71 53 21 20 1 78 67 5 71 
60 73 41 21 32 3 30 76 40 45 
47 59 7 49 11 75 31 29 62 37 
25 66 68 19 23 2 8 51 66 35 
63 50 65 37 38 56 4 32 15 20 
36 86 57 82 61 71 68 8 79 84 
11 46 8 39 19 26 66 12 9 16 
83 14 47 40 14 57 54 3 50 28 
43 57 10 62 57 80 16 72 6 4 
44 56 6 82 7 73 21 64 77 12 
63 58 87 16 75 15 38 81 59 47 
22 30 55 15 53 14 81 71 51 68 
30 43 55 39 88 76 84 39 42 83 
30 44 66 41 81 8 65 85 79 49 
24 39 73 77 80 33 11 73 64 39 
14 37 19 14 85 41 66 40 40 69 
19 40 42 29 24 51 43 25 23 35 
60 71 28 66 36 33 87 16 88 45 
4 48 61 52 19 34 77 18 69 62 
3 28 2 12 58 27 2 26 59 77 
68 20 60 38 49 6 76 49 32 65 
10 21 48 30 54 64 52 52 5 36 
15 87 4 39 58 84 13 52 43 36 
75 27 43 34 57 82 88 72 75 10 
9 47 42 43 28 36 42 21 76 67 
53 77 8 12 61 28 88 4 85 61 
53 26 32 38 74 45 3 76 4 84 
19 38 9 2 38 88 83 19 87 60 
1 40 69 58 81 29 2 19 28 66 
5 8 18 39 38 69 82 36 20 41 
34 6 46 46 68 84 40 69 86 70 
5 57 26 43 12 49 48 13 68 46 
47 40 45 73 71 23 1 16 11 34 
27 82 27 16 68 16 68 12 35 84 
5 28 5 59 60 71 19 2 8 17 
56 63 5 16 4 65 73 51 49 55 
52 20 65 52 72 78 87 28 68 59 
20 5 32 78 54 3 63 65 30 75 
81 1 85 50 74 88 15 10 70 2 
26 34 82 84 6 79 62 9 50 2 
55 18 38 22 52 37 74 19 75 68 
51 22 12 51 72 71 67 57 25 46 
56 35 56 6 52 35 52 3 27 69 
64 57 10 8 15 73 49 76 46 3 
57 45 51 72 16 67 48 77 12 41 
75 82 71 70 32 56 73 10 77 5 
77 14 88 75 70 23 8 88 47 3 
60 44 42 5 52 87 4 16 4 78 
82 60 50 55 23 25 50 54 48 76 
76 19 55 10 17 1 75 32 2 73 
69 47 86 76 70 59 55 26 57 52 
54 37 67 26 4 74 31 39 62 79 
68 76 26 53 80 16 61 83 66 42 
82 41 28 42 64 51 25 61 20 74 
25 11 4 13 35 58 28 18 32 64 
43 44 67 52 80 43 7 34 38 40 
32 61 36 66 23 49 7 69 3 38 
88 73 63 47 8 11 6 71 65 1 
34 25 21 85 63 53 81 20 65 55 
87 76 56 51 81 47 62 82 62 74 
71 54 30 2 67 9 8 43 53 14 
56 71 28 77 48 52 86 81 70 59 
3 20 69 56 7 65 85 9 35 78 
52 80 74 87 37 21 45 38 84 71 
46 15 65 24 15 15 17 81 56 54 
4 16 58 81 5 40 13 39 23 73 
37 30 85 2 17 43 41 20 47 25 
73 16 17 2 73 49 16 48 24 66 
54 53 85 85 65 59 62 9 39 10 
36 50 38 38 58 76 18 78 51 51 
65 67 8 22 58 9 13 83 27 56 
27 58 67 66 42 39 54 77 30 55 
76 86 85 56 65 16 30 22 49 64 
6 9 75 82 44 59 42 59 14 59 
27 86 14 9 36 66 28 24 15 18 
12 39 61 65 61 85 29 42 1 10 
36 66 60 30 3 68 65 86 56 60 
71 82 15 83 24 47 44 34 21 26 
41 88 35 49 16 50 80 76 80 77 
14 60 5 34 47 82 49 35 78 6 
42 15 12 85 7 75 61 50 55 77 
2 24 59 3 34 5 42 3 43 48 
77 51 63 56 8 39 66 49 56 6 
45 4 8 16 6 41 57 79 40 32 
79 35 22 45 83 28 28 42 55 23 
87 3 57 23 34 46 10 70 64 51 
87 68 75 28 5 12 83 61 65 22 
4 37 77 32 81 82 45 33 19 81 
65 69 33 26 27 19 59 23 41 36 
62 47 27 3 63 11 65 15 28 37 
31 38 40 72 41 16 63 87 41 26 
88 86 66 57 60 16 18 12 65 45 
62 25 15 75 51 65 4 55 76 6 
46 83 78 67 6 85 54 56 81 52 
52 36 16 71 22 24 60 4 34 38 
32 79 12 60 31 8 88 74 35 68 
33 44 43 64 18 23 42 12 73 53 
13 48 45 80 51 3 74 33 64 40 
30 56 53 26 7 51 83 31 38 76 
51 49 78 7 88 24 56 29 2 68 
74 24 32 55 71 19 88 12 55 3 
34 30 62 15 31 37 11 32 37 31 
51 1 24 41 53 83 79 69 50 2 
29 57 41 71 78 63 71 29 18 3 
46 50 18 43 48 63 72 66 27 71 
66 69 65 58 55 5 33 7 79 61 
30 71 71 86 79 80 9 81 62 76 
31 65 47 23 48 21 4 87 83 15 
48 48 10 17 9 62 43 77 78 36 
4 11 56 80 24 5 44 25 78 1 
6 88 46 53 65 10 33 47 33 11 
56 3 48 58 59 16 54 41 70 17 
29 13 40 60 2 56 43 28 82 64 
87 41 37 49 1 62 22 41 12 80 
34 9 31 16 15 23 72 45 50 36 
88 43 8 4 76 44 83 8 20 16 
31 11 8 78 76 46 15 66 16 30 
36 6 75 65 3 16 70 5 31 78 
3 18 8 65 2 6 34 86 54 75 
35 6 77 37 44 30 27 75 53 43 
88 26 48 37 21 61 77 53 53 45 
87 46 44 69 51 31 51 74 21 48 
27 80 29 31 29 32 15 7 75 22 
25 2 43 14 82 63 66 14 39 30 
11 86 53 53 38 64 85 16 30 78 
35 81 12 59 58 45 1 40 48 88 
78 24 40 77 15 73 76 36 11 8 
27 13 88 19 57 12 40 8 24 26 
78 22 82 65 65 87 59 42 73 36 
32 78 32 4 32 77 37 59 73 39 
23 64 18 88 40 33 72 36 69 56 
35 65 54 79 58 61 88 20 35 35 
17 1 11 59 60 78 6 26 57 62 
88 43 6 48 59 61 67 9 60 23 
47 64 3 46 51 56 74 17 73 18 
22 36 25 84 83 75 57 41 42 43 
75 62 23 82 80 36 64 35 16 11 
1 15 77 74 16 17 68 59 51 81 
36 20 75 88 20 24 55 32 46 33 
79 86 44 7 86 37 14 7 73 58 
65 20 87 84 46 33 31 74 38 64 
49 25 54 73 1 72 86 75 82 17 
47 38 26 24 75 21 10 51 58 8 
76 65 21 78 42 2 60 49 21 20 
26 43 74 85 47 6 62 68 47 39 
82 23 64 38 66 2 26 74 49 41 
69 81 6 45 73 57 25 27 48 22 
6 58 46 80 10 62 22 75 60 55 
24 33 28 68 86 44 25 80 14 13 
65 80 50 76 9 5 58 41 22 62 
31 9 79 56 49 35 85 82 75 51 
70 20 52 37 22 88 54 11 33 13 
19 50 19 59 35 13 50 60 76 60 
4 33 25 79 82 72 60 87 13 87 
56 53 84 69 37 31 10 74 84 62 
83 88 85 88 13 11 63 16 3 41 
15 67 60 19 53 38 32 86 64 62 
56 32 25 49 69 74 3 19 3 53 
71 58 88 79 9 62 42 72 80 38 
31 68 17 58 8 10 57 18 6 82 
83 2 8 6 33 67 17 23 23 79 
53 59 84 66 28 57 19 7 24 34 
48 32 84 9 62 84 75 56 45 8 
26 84 69 61 48 88 65 5 18 81 
62 21 23 16 34 57 64 76 22 27 
53 21 46 15 52 72 51 72 25 56 
34 11 6 44 4 26 33 10 41 53 
14 12 78 83 60 42 53 4 40 43 
64 12 38 16 58 51 59 18 70 64 
66 1 6 49 29 10 82 9 17 74 
16 71 74 81 54 4 42 64 65 43 
84 79 19 52 35 55 48 38 30 63 
82 20 52 78 62 5 27 68 2 19 
28 8 37 71 14 78 10 31 35 85 
33 79 63 24 72 6 81 3 70 59 
54 33 38 39 33 62 32 84 50 4 
62 42 1 8 37 5 14 34 58 80 
19 47 35 12 26 13 13 77 49 54 
65 27 20 85 81 85 63 73 19 61 
49 44 80 69 86 3 40 13 8 16 
24 22 59 77 60 29 56 9 80 86 
18 47 61 34 73 57 20 55 49 51 
58 41 74 70 34 8 29 17 46 86 
68 37 80 34 84 24 13 58 39 64 
66 12 2 78 74 40 45 64 86 68 
62 23 75 25 8 84 46 53 24 32 
60 3 10 61 68 32 34 79 55 6 
29 82 27 13 23 54 87 75 85 28 
80 5 31 30 53 4 50 11 8 4 
25 84 14 40 34 26 30 24 84 45 
41 57 56 55 77 29 7 44 35 43 
50 20 88 6 30 49 23 31 14 69 
46 69 23 36 63 77 18 23 46 82 
26 47 34 82 85 22 49 10 24 45 
28 10 8 86 29 44 64 17 38 5 
57 46 67 18 44 32 85 39 20 76 
14 61 67 85 73 87 56 64 7 47 
83 7 17 17 64 8 71 57 63 79 
19 60 38 11 63 16 60 85 58 77 
29 43 85 73 31 59 62 31 81 46 
24 55 63 74 11 69 4 29 23 59 
81 24 50 85 10 70 82 49 79 49 
22 24 67 44 84 61 28 70 48 46 
82 29 60 88 50 82 25 71 46 7 
52 6 84 29 45 2 53 77 68 32 
37 55 11 19 35 57 52 72 56 75 
87 27 1 71 38 28 12 80 14 43 
29 5 59 23 6 20 18 86 55 41 
48 6 10 82 26 19 81 18 85 6 
46 31 59 16 87 72 20 6 62 62 
71 77 13 75 43 10 69 47 74 12 
7 37 88 83 32 8 2 45 17 39 
26 84 61 65 5 83 35 20 56 7 
39 16 88 18 6 65 79 69 41 53 
54 7 80 56 32 24 74 85 13 77 
82 12 84 14 32 78 69 8 45 18 
83 28 78 7 36 81 5 15 19 73 
70 40 26 56 60 42 50 48 27 57 
8 33 87 78 26 55 20 32 73 86 
76 70 12 85 40 21 27 32 64 46 
81 66 57 68 68 73 44 22 79 19 
60 59 24 79 67 28 68 66 65 64 
24 25 76 6 35 21 10 63 19 83 
81 11 24 64 16 10 18 52 80 56 
85 59 9 33 3 27 35 7 69 83 
79 65 12 34 26 60 87 65 62 63 
60 78 84 64 46 21 19 82 81 54 
75 87 69 86 20 80 85 33 82 36 
7 35 7 86 52 50 57 6 77 73 
9 55 74 62 45 18 12 69 25 68 
20 52 13 41 40 78 84 14 74 70 
13 41 51 16 83 7 24 63 2 55 
58 19 20 16 65 16 85 22 14 16 
81 74 17 66 51 70 23 1 13 74 
11 14 44 67 7 56 33 8 80 23 
23 4 82 35 15 16 8 55 81 71 
28 36 81 61 29 87 36 69 21 88 
67 39 75 15 73 30 20 80 35 32 
45 56 71 57 29 61 39 69 8 56 
29 21 43 55 13 47 88 54 46 1 
10 17 56 71 53 12 6 4 21 55 
85 78 4 73 43 18 54 81 40 53 
46 32 74 25 32 86 34 37 46 12 
16 24 39 27 33 68 39 73 30 14 
39 58 57 18 7 34 4 26 78 62 
67 12 9 47 57 63 85 38 53 30 
3 26 38 23 39 53 9 64 45 18 
36 4 49 44 64 20 13 10 65 20 
83 60 7 81 5 44 65 43 33 35 
61 70 19 37 18 30 57 68 41 63 
40 59 39 68 51 12 82 74 38 42 
26 32 42 60 59 3 4 35 37 14 
2 14 50 17 40 32 78 45 20 31 
83 20 86 61 36 55 1 9 77 38 
64 79 30 29 24 1 52 39 54 8 
41 56 33 64 40 45 31 34 59 82 
45 75 22 17 21 57 52 22 23 47 
16 82 57 22 42 51 81 45 43 49 
61 53 36 20 63 43 44 28 13 56 
14 4 7 51 46 20 45 65 73 18 
50 11 52 78 39 9 17 14 54 78 
9 51 64 42 6 6 84 57 83 37 
18 78 29 23 1 79 73 35 8 14 
78 8 10 85 50 55 22 74 24 80 
71 85 78 50 80 56 39 54 61 28 
9 7 13 81 82 52 43 49 78 76 
31 77 22 77 59 72 31 22 43 24 
16 12 40 41 42 62 31 56 56 44 
6 85 66 65 3 71 62 50 49 64 
87 78 53 82 11 88 6 53 32 9 
51 28 59 45 35 40 80 78 66 53 
56 79 13 2 87 64 77 6 71 10 
70 66 51 80 72 4 13 15 63 19 
84 13 34 20 63 60 75 23 9 55 
88 87 45 85 32 63 55 17 79 66 
52 54 11 55 77 8 9 79 15 34 
44 64 87 58 43 20 49 13 26 46 
56 46 72 6 52 38 42 31 19 16 
30 58 24 48 66 65 62 77 72 86 
35 18 79 4 83 5 77 69 65 70 
7 67 12 32 81 27 67 58 87 57 
13 68 62 8 85 5 53 8 66 10 
9 84 19 78 13 67 73 68 85 51 
83 84 29 43 37 30 18 36 33 87 
54 51 71 37 59 62 64 11 22 62 
4 72 8 8 49 77 33 84 44 64 
11 64 9 9 34 51 57 25 8 83 
66 64 87 17 64 41 28 8 55 51 
28 68 29 24 61 16 86 57 22 37 
44 75 17 19 70 59 7 57 5 24 
68 13 60 51 72 71 43 74 72 70 
87 42 3 71 43 10 88 35 24 41 
36 88 81 1 45 5 17 27 88 66 
44 44 5 40 29 61 51 54 77 34 
16 4 2 14 14 31 6 44 5 16 
10 7 88 41 36 25 46 78 7 27 
12 54 84 30 46 36 65 66 26 26 
41 29 4 10 85 85 47 50 45 88 
7 7 52 57 78 13 9 17 83 77 
77 37 67 80 65 87 1 31 84 70 
20 24 54 70 86 50 73 26 51 36 
71 46 71 76 29 1 39 16 24 48 
74 80 73 87 67 49 79 65 22 41 
81 75 21 29 24 49 4 28 36 25 
82 30 8 15 10 83 2 51 45 80 
66 67 3 6 43 16 37 57 3 10 
54 44 84 43 32 42 24 6 26 12 
15 79 64 42 26 58 6 55 61 58 
24 26 62 54 59 4 41 39 65 64 
78 56 58 86 49 88 27 17 27 62 
18 59 7 51 24 32 84 16 47 42 
82 2 3 42 12 47 5 39 21 50 
38 85 88 70 9 74 80 74 41 81 
71 58 43 19 40 20 61 10 49 3 
82 70 34 24 15 69 59 33 88 69 
8 17 34 77 84 5 26 21 86 2 
81 29 87 88 72 21 87 24 14 18 
64 35 19 45 50 41 7 10 46 61 
40 57 18 8 52 40 30 45 6 31 
51 21 86 20 11 18 55 61 19 5 
2 17 13 74 19 67 38 26 49 59 
68 75 79 63 24 58 8 80 78 6 
13 32 31 83 56 2 30 68 24 72 
79 79 32 1 87 32 10 24 67 81 
78 65 31 20 21 24 7 79 31 75 
71 71 1 5 71 34 43 7 78 5 
39 45 45 57 67 64 78 62 31 1 
40 59 82 14 70 41 46 74 52 25 
23 76 66 2 56 78 67 11 34 2 
30 64 62 4 34 45 23 62 38 59 
85 30 37 39 80 53 68 56 14 76 
61 31 12 25 54 54 71 78 20 68 
79 14 46 41 79 25 56 85 60 33 
14 63 32 22 26 79 24 13 20 66 
5 51 11 68 14 39 44 75 55 69 
53 70 38 48 74 21 71 26 42 83 
9 27 80 85 88 63 34 57 8 29 
58 54 5 53 12 64 14 53 75 51 
45 24 26 85 81 61 50 69 48 73 
19 5 82 64 60 81 56 8 55 63 
84 75 62 78 3 14 29 86 31 70 
41 72 54 39 60 75 25 75 19 19 
7 36 54 73 4 47 83 86 20 68 
4 43 76 35 50 19 1 74 52 87 
43 87 74 50 44 88 37 18 59 12 
53 35 76 51 23 82 43 11 40 39 
54 77 35 35 76 17 29 65 43 25 
74 82 31 74 88 26 42 2 50 10 
45 85 73 3 65 78 18 87 61 19 
21 84 63 56 67 21 72 30 20 80 
37 66 48 45 55 53 36 71 22 22 
15 25 6 19 43 75 15 21 34 25 
6 51 31 55 24 44 8 19 17 43 
32 68 61 84 88 73 40 73 12 79 
84 33 80 7 12 59 63 22 81 26 
76 74 66 64 5 57 10 74 76 74 
85 32 56 37 4 33 9 30 84 29 
50 32 27 38 49 31 34 73 58 32 
37 25 81 71 64 72 1 57 11 62 
53 85 88 30 2 30 22 21 35 10 
57 53 68 13 44 67 69 54 34 16 
83 72 58 76 72 43 12 24 54 10 
22 62 78 73 84 24 78 2 46 26 
44 88 77 77 28 10 11 74 84 40 
73 71 49 34 49 5 30 85 60 30 
42 33 3 85 13 78 67 65 17 68 
8 53 79 65 64 44 56 57 54 1 
73 6 19 18 50 79 83 62 19 24 
83 53 9 64 46 1 6 46 3 57 
3 30 36 23 56 49 5 38 61 11 
58 47 47 49 3 24 26 15 87 45 
36 8 42 4 34 18 31 19 11 40 
51 19 45 7 69 66 81 46 73 66 
54 14 68 14 33 82 22 48 87 22 
65 7 57 73 80 39 82 20 87 57 
17 19 13 37 64 27 16 61 8 39 
9 24 22 48 72 73 2 70 74 17 
47 50 65 52 14 63 38 10 63 45 
50 44 18 52 76 5 75 21 7 45 
43 88 31 84 79 80 82 64 53 61 
58 27 19 35 49 57 86 52 74 81 
39 12 42 69 78 85 66 27 32 59 
28 65 50 46 64 83 80 53 29 44 
70 58 14 73 53 68 37 7 3 41 
80 21 59 19 58 58 3 1 12 35 
2 55 18 88 65 54 54 72 72 70 
19 38 13 46 62 79 17 19 74 78 
60 29 54 22 46 82 83 86 5 11 
15 36 51 23 7 74 3 6 15 10 
58 61 22 85 30 71 5 22 22 46 
37 84 10 66 27 5 25 1 35 61 
53 84 77 4 34 53 62 45 6 77 
49 83 4 86 64 56 58 14 27 69 
69 40 26 48 43 51 57 9 68 20 
43 66 30 60 44 10 67 42 40 39 
85 84 66 72 87 4 42 70 39 19 
17 10 7 82 87 44 88 88 55 56 
12 56 31 54 21 3 86 53 16 19 
72 38 15 3 57 80 27 31 58 36 
45 29 18 2 8 26 11 47 49 1 
32 33 25 19 87 47 20 83 51 66 
60 11 42 78 58 26 46 88 1 83 
19 9 65 77 52 23 17 1 7 23 
39 22 12 79 4 70 52 39 74 65 
87 88 47 84 16 9 14 31 31 25 
32 88 77 17 37 54 59 7 79 56 
59 10 60 32 53 76 81 16 19 80 
10 39 66 43 59 85 25 81 12 21 
70 76 88 83 3 87 15 28 29 64 
48 4 72 26 64 50 76 10 40 76 
24 58 77 26 28 57 32 13 53 6 
50 43 57 27 19 30 28 9 64 75 
43 43 6 38 6 33 87 24 62 82 
76 27 20 26 63 1 84 4 63 36 
80 59 46 19 43 51 63 51 2 54 
40 69 61 61 88 47 78 74 54 40 
11 9 72 78 48 58 83 64 77 74 
10 11 13 45 81 39 2 45 83 16 
62 49 83 33 64 66 33 11 27 70 
69 10 13 2 10 16 30 52 82 21 
49 22 43 74 32 8 6 13 6 85 
57 58 65 3 18 32 34 67 30 49 
6 74 87 1 16 11 49 46 50 18 
83 47 56 41 39 75 64 76 43 32 
34 2 65 59 68 52 43 25 78 62 
56 21 24 8 60 34 32 84 44 55 
14 5 16 21 31 40 81 57 29 12 
67 64 8 33 39 77 84 81 67 14 
72 28 45 41 42 77 25 7 67 68 
40 18 22 36 8 85 67 47 10 12 
15 43 48 20 78 56 84 34 70 72 
33 60 1 83 15 73 88 74 84 21 
20 33 29 11 52 45 15 31 74 62 
13 32 23 83 63 88 34 26 85 88 
23 67 6 36 50 53 56 85 4 20 
9 23 17 19 13 38 77 6 81 65 
38 4 16 18 46 66 14 45 43 8 
70 81 82 20 3 71 13 83 72 79 
18 39 63 63 52 1 33 33 76 81 
80 73 87 13 50 52 87 52 22 37 
59 15 69 5 48 4 15 69 24 84 
48 38 3 1 17 13 16 54 57 52 
65 67 10 52 6 37 56 66 80 2 
61 83 23 49 85 61 69 88 35 72 
25 71 29 49 23 60 51 51 47 7 
57 50 10 27 63 42 76 4 15 23 
16 86 76 29 88 55 23 71 29 40 
53 46 72 88 10 59 26 12 58 21 
28 56 81 47 18 87 43 82 30 13 
70 81 55 40 56 72 33 37 31 50 
30 1 51 43 23 73 39 72 44 52 
51 26 86 28 31 35 56 6 9 58 
12 78 4 8 83 56 58 12 87 71 
58 6 24 11 46 8 54 54 14 77 
54 43 48 49 78 49 85 10 1 56 
76 55 86 36 76 78 70 74 60 71 
26 13 64 7 48 22 58 28 84 3 
51 35 72 31 65 22 53 38 32 6 
5 42 87 70 31 18 22 25 58 1 
30 4 9 78 77 62 70 66 15 1 
49 6 8 40 87 24 40 67 58 49 
88 52 31 5 66 20 86 4 49 46 
59 33 86 48 2 5 33 79 21 31 
58 25 15 67 43 29 39 6 33 47 
52 65 30 2 72 57 69 23 17 22 
31 35 64 20 11 22 18 2 84 42 
50 19 7 79 10 1 39 11 23 51 
81 40 34 29 83 82 34 63 54 7 
31 78 50 17 51 70 21 10 43 2 
60 77 16 82 54 75 6 67 67 40 
26 17 12 20 67 79 39 88 21 27 
37 22 51 14 70 38 76 51 42 38 
10 52 29 54 2 52 44 78 47 47 
58 16 30 88 48 36 44 56 76 54 
34 81 25 85 40 88 43 60 22 61 
86 12 41 14 4 84 84 26 25 9 
72 21 30 19 53 67 76 34 52 85 
27 41 56 27 55 81 84 3 67 2 
2 51 39 65 22 30 45 62 52 15 
74 8 78 8 58 57 59 19 53 85 
37 28 7 77 82 41 70 69 10 29 
63 2 25 5 1 84 82 81 26 80 
12 29 30 85 15 38 30 3 16 6 
36 83 14 64 65 31 47 75 74 87 
16 18 72 63 22 56 68 81 33 11 
80 30 79 57 64 77 52 34 75 82 
10 55 10 79 22 50 85 11 29 14 
57 3 66 7 69 50 61 12 37 88 
88 39 28 43 45 74 49 44 62 29 
62 28 77 73 51 25 78 56 2 35 
22 4 16 23 74 66 7 6 7 55 
52 65 21 24 23 81 53 26 13 33 
44 7 64 34 3 40 6 54 31 83 
56 59 6 12 57 36 10 5 3 81 
24 36 58 26 13 52 53 69 42 63 
38 46 3 67 8 42 40 44 18 33 
48 49 63 48 12 1 80 38 25 66 
84 18 24 67 51 7 88 46 3 24 
73 44 32 45 43 77 66 17 86 86 
24 53 55 43 20 65 82 10 54 8 
35 64 63 38 9 37 81 28 49 63 
45 19 27 80 47 24 61 14 63 18 
25 18 71 69 67 40 61 21 69 66 
79 50 73 71 2 23 26 28 29 66 
26 51 21 52 72 34 80 71 44 41 
9 24 81 57 21 60 49 88 39 39 
75 62 4 63 62 86 63 57 72 59 
45 27 64 34 11 26 23 7 81 76 
36 33 78 47 30 54 15 41 44 12 
7 87 38 33 73 41 79 65 69 59 
11 16 27 59 38 26 84 42 58 24 
67 49 52 8 5 44 7 48 72 76 
69 55 71 63 21 19 6 6 87 15 
46 57 23 51 74 31 43 19 79 55 
23 19 6 43 66 52 82 12 38 52 
43 29 56 45 43 66 72 42 78 71 
58 75 48 33 17 16 24 40 70 88 
74 66 60 39 73 72 7 44 33 4 
26 37 17 40 78 3 25 61 48 75 
72 1 84 69 23 85 63 33 24 60 
83 33 59 16 55 29 32 10 15 17 
61 70 21 59 49 18 14 66 36 50 
68 36 87 6 80 31 21 5 5 23 
28 38 77 8 28 66 42 87 82 51 
37 70 66 5 28 28 65 26 57 47 
17 57 3 35 43 43 82 37 31 6 
77 38 26 57 36 71 56 55 58 60 
36 74 66 85 41 35 53 65 36 88 
11 46 30 3 38 21 63 71 44 1 
43 76 56 39 84 47 87 41 79 82 
76 19 51 65 67 28 58 21 18 64 
31 31 60 4 58 5 13 41 88 40 
24 58 36 55 72 79 13 27 5 18 
85 73 87 17 82 73 18 14 31 77 
27 83 39 51 24 47 18 51 66 26 
3 47 83 23 81 52 22 30 86 60 
48 32 39 11 76 31 20 15 6 38 
9 21 78 55 61 5 21 2 59 87 
58 1 63 71 66 16 71 85 3 58 
69 81 54 63 87 74 30 47 61 79 
44 63 23 62 19 60 32 83 19 31 
45 81 86 52 13 73 72 67 3 27 
15 1 50 68 62 67 48 63 88 81 
82 63 52 84 73 40 72 8 87 43 
55 70 2 47 30 72 28 51 27 31 
1 63 22 26 44 34 67 7 34 4 
12 81 84 46 86 34 45 38 74 42 
66 22 78 58 54 84 26 84 64 32 
83 9 82 11 54 29 49 40 24 26 
74 16 63 86 83 86 39 28 12 36 
18 66 26 7 58 29 77 79 3 79 
69 82 69 31 74 20 61 36 39 63 
43 35 52 8 8 65 17 4 64 1 
2 2 18 2 17 84 77 77 23 15 
36 16 78 14 57 68 35 53 33 24 
47 84 83 12 32 49 62 35 49 73 
1 43 33 79 70 33 52 51 31 70 
30 40 88 49 77 12 49 16 23 62 
38 14 67 69 41 60 75 14 30 14 
7 17 62 72 55 52 23 37 73 61 
22 62 62 82 69 1 70 29 20 45 
83 19 23 2 36 32 20 69 4 47 
68 50 39 28 81 18 16 12 11 6 
68 79 57 63 2 76 79 9 36 36 
50 34 35 61 17 2 60 3 6 22 
12 16 65 1 15 50 4 26 7 28 
2 10 39 3 31 71 27 36 71 18 
54 40 60 27 37 78 12 82 62 12 
11 7 61 46 45 11 5 57 70 76 
12 83 85 34 87 36 7 39 25 62 
48 70 30 61 48 43 54 4 10 10 
10 51 83 8 59 37 53 60 62 65 
77 18 36 76 81 84 74 61 29 81 
5 81 40 15 32 63 19 51 66 84 
71 34 40 27 32 26 4 74 40 27 
63 86 4 60 9 5 32 77 44 24 
75 53 73 37 78 42 78 82 30 65 
42 47 54 15 19 32 36 4 8 27 
38 38 81 80 30 8 35 4 14 55 
65 57 69 56 43 86 31 41 18 2 
56 4 6 13 77 57 58 66 56 29 
46 78 45 13 48 20 13 5 81 19 
26 33 72 85 12 86 12 11 78 44 
40 15 60 27 17 1 43 27 41 18 
15 66 57 83 16 63 26 66 75 61 
23 76 32 40 41 70 61 60 7 51 
56 36 45 55 38 71 55 59 46 58 
31 51 2 72 39 72 62 13 38 13 
1 34 14 15 75 17 66 27 1 68 
6 12 24 44 38 55 36 26 40 40 
82 47 6 49 68 42 51 88 18 60 
49 19 18 23 57 47 87 57 78 24 
35 60 36 18 13 56 82 82 21 26 
57 72 43 46 38 54 20 81 31 2 
36 84 39 66 39 75 74 85 68 34 
28 56 66 25 4 8 59 27 75 40 
55 68 60 50 35 76 34 73 9 25 
38 20 63 52 44 81 22 51 14 26 
42 44 11 64 29 4 31 22 71 36 
86 51 83 72 34 62 16 22 18 48 
23 14 85 33 28 14 43 87 75 58 
54 27 1 14 78 51 45 81 85 25 
70 21 87 24 54 33 51 70 54 59 
39 2 16 87 24 85 13 39 59 49 
29 20 13 62 78 79 31 51 55 45 
23 55 79 30 69 50 80 76 1 74 
64 51 63 1 81 58 31 45 81 86 
34 38 60 33 75 8 15 79 64 34 
5 61 85 21 66 21 4 75 72 62 
13 6 61 20 82 86 57 86 46 73 
64 21 48 74 13 26 61 87 52 14 
69 53 22 53 59 43 11 82 57 36 
9 28 17 22 43 1 32 77 9 70 
37 64 39 61 13 7 44 85 11 81 
68 59 63 20 83 28 61 66 82 88 
63 6 15 59 26 80 21 52 45 29 
8 88 46 34 83 40 35 71 11 75 
5 34 42 24 87 12 1 86 71 88 
61 57 63 7 50 55 49 9 46 78 
65 74 29 22 74 43 10 5 8 63 
78 57 75 86 1 43 43 2 78 64 
66 73 72 32 73 14 35 25 39 64 
42 14 27 47 12 73 49 18 80 42 
45 76 14 41 49 75 33 84 72 47 
45 6 39 83 4 79 80 85 9 32 
9 47 64 40 29 60 59 77 35 25 
66 40 14 75 77 49 34 6 54 40 
25 73 60 48 10 27 72 72 78 71 
61 73 25 65 17 88 43 51 86 34 
76 37 29 71 32 47 3 81 87 75 
1 3 71 28 26 55 50 79 34 22 
61 45 30 47 35 45 22 37 21 86 
32 25 43 56 40 73 49 25 76 6 
20 11 36 80 80 53 39 24 23 1 
51 87 56 53 74 81 88 82 42 4 
86 64 44 1 55 18 69 43 70 37 
80 71 46 31 22 77 72 3 25 81 
7 34 32 66 64 4 29 50 61 22 
86 79 66 57 11 79 74 74 39 69 
25 16 80 35 1 38 48 51 57 24 
79 23 46 74 59 82 71 13 22 55 
19 57 37 44 86 14 30 82 35 8 
27 26 3 68 56 58 61 84 27 79 
9 20 7 8 63 15 21 50 5 3 
48 60 3 5 21 4 84 62 53 3 
9 68 70 81 47 29 24 6 48 82 
45 2 11 7 30 33 20 31 61 36 
30 3 75 55 87 70 79 15 73 4 
76 60 26 86 59 87 61 59 85 35 
19 36 33 42 88 67 7 27 22 22 
28 26 21 80 38 86 27 6 65 19 
12 57 29 10 35 20 88 68 79 38 
72 40 37 10 60 7 84 84 3 38 
19 84 86 67 60 22 27 27 56 56 
1 77 67 55 45 84 66 84 54 28 
46 12 12 14 37 70 75 66 18 56 
82 35 23 40 32 57 35 33 77 72 
52 17 67 81 5 16 42 80 75 72 
6 83 74 46 62 57 60 83 18 56 
74 70 87 80 56 29 12 37 38 34 
59 26 17 82 43 49 21 40 86 46 
71 70 18 11 53 88 20 60 10 74 
71 49 29 2 48 36 38 25 3 76 
77 28 61 87 17 7 40 8 26 37 
47 8 16 40 12 17 31 85 54 15 
39 32 25 71 22 17 5 1 14 79 
22 40 60 11 35 10 17 32 24 22 
27 77 39 82 60 80 56 61 69 56 
60 20 41 17 50 7 19 78 36 18 
77 11 64 64 21 25 32 7 32 33 
86 81 22 56 71 86 85 35 4 45 
36 32 55 74 20 77 15 20 7 65 
46 23 42 34 43 73 6 87 85 57 
11 45 53 62 38 80 34 59 52 58 
72 30 85 33 85 22 8 49 8 34 
23 58 65 27 56 75 81 65 49 4 
49 59 9 3 29 40 74 66 88 5 
69 27 19 44 21 69 52 87 46 32 
37 8 50 73 26 24 47 52 31 6 
79 9 64 26 87 4 66 36 29 80 
63 83 20 32 13 84 64 38 83 19 
11 21 55 82 51 64 11 32 7 67 
11 19 27 1 45 23 62 14 37 13 
21 83 49 58 42 38 5 81 44 39 
51 33 47 64 47 53 88 63 71 1 
81 73 27 12 49 67 6 1 48 57 
32 7 4 19 77 2 85 49 83 21 
21 70 75 76 1 22 66 46 16 36 
49 73 59 62 68 2 57 30 83 1 
41 72 39 24 13 1 47 4 6 43 
23 33 36 74 76 44 83 65 77 23 
56 25 59 13 9 60 4 77 31 46 
67 81 74 32 35 41 6 58 10 35 
24 4 41 31 60 69 52 76 41 65 
17 19 31 19 64 34 18 3 14 83 
50 59 1 45 35 20 27 47 4 5 
87 48 37 80 43 41 86 24 66 81 
42 52 29 74 17 3 44 12 1 22 
30 16 55 72 65 76 55 37 16 35 
24 37 21 65 47 23 5 45 22 46 
4 70 3 5 28 60 52 28 2 28 
60 75 32 85 5 2 44 36 84 71 
19 23 49 84 88 83 65 80 40 58 
74 79 25 37 17 38 21 71 46 37 
68 74 83 63 4 78 72 17 83 18 
75 86 80 73 67 81 80 7 25 28 
1 24 71 42 47 12 60 74 17 42 
36 42 18 29 5 58 74 63 80 30 
29 2 58 54 86 38 52 58 16 38 
87 7 16 85 50 34 27 51 70 64 
6 46 68 29 37 30 36 69 43 39 
28 30 42 4 7 27 47 44 62 26 
63 25 35 45 59 13 80 25 16 22 
19 22 54 19 63 43 50 39 33 64 
20 40 68 52 35 64 12 28 79 47 
55 73 81 7 6 25 52 5 77 58 
41 46 9 35 26 61 82 13 75 71 
59 43 13 83 5 79 53 40 78 42 
55 86 59 39 45 49 40 43 60 42 
34 51 4 54 24 55 41 34 70 39 
78 45 44 31 2 35 78 12 25 26 
12 30 73 68 28 31 61 84 26 50 
4 3 81 49 10 72 43 31 4 30 
24 56 47 82 9 70 73 72 44 23 
41 30 64 5 73 78 80 55 19 7 
26 39 23 29 33 42 46 35 65 3 
45 83 81 32 48 55 55 61 82 60 
41 54 72 36 44 52 26 12 49 13 
68 86 26 84 19 8 34 5 24 85 
36 27 51 8 5 20 27 67 50 7 
78 43 5 68 26 34 59 34 64 37 
61 4 25 59 22 64 27 60 15 24 
7 75 56 1 71 81 73 82 17 76 
38 12 67 68 52 55 26 56 65 44 
0
