dfs(-1, 0, 0, 1, 2): 0
dfs(-1, 2, 0, 0, 2): 0
dfs(-1, 4, 0, 0, 2): 0
dfs(-1, 8, 0, 0, 2): 0
dfs(-1, 16, 0, 0, 2): 0
dfs(-1, 32, 0, 0, 2): 0
dfs(-1, 64, 0, 0, 2): 0
dfs(-1, 128, 0, 0, 2): 0
dfs(-1, 256, 0, 0, 2): 0
dfs(-1, 512, 0, 0, 2): 0
dfs(0, 0, 0, 1, 2): 0
dfs(-1, 2, 0, 0, 2): 0
dfs(-1, 2, 0, 0, 2): 0
dfs(-1, 6, 0, 0, 2): 1
dfs(-1, 10, 0, 0, 2): 1
dfs(-1, 18, 0, 0, 2): 1
dfs(-1, 34, 0, 0, 2): 1
dfs(-1, 66, 0, 0, 2): 1
dfs(-1, 130, 0, 0, 2): 1
dfs(-1, 258, 0, 0, 2): 1
dfs(-1, 514, 0, 0, 2): 1
dfs(0, 2, 0, 0, 2): 8
dfs(-1, 4, 0, 0, 2): 0
dfs(-1, 2, 0, 0, 2): 0
dfs(-1, 4, 0, 0, 2): 0
dfs(-1, 12, 0, 0, 2): 1
dfs(-1, 20, 0, 0, 2): 1
dfs(-1, 36, 0, 0, 2): 1
dfs(-1, 68, 0, 0, 2): 1
dfs(-1, 132, 0, 0, 2): 1
dfs(-1, 260, 0, 0, 2): 1
dfs(-1, 516, 0, 0, 2): 1
dfs(0, 4, 0, 0, 2): 7
dfs(-1, 8, 0, 0, 2): 0
dfs(-1, 2, 0, 0, 2): 0
dfs(-1, 4, 0, 0, 2): 0
dfs(-1, 8, 0, 0, 2): 0
dfs(-1, 24, 0, 0, 2): 1
dfs(-1, 40, 0, 0, 2): 1
dfs(-1, 72, 0, 0, 2): 1
dfs(-1, 136, 0, 0, 2): 1
dfs(-1, 264, 0, 0, 2): 1
dfs(-1, 520, 0, 0, 2): 1
dfs(0, 8, 0, 0, 2): 6
dfs(-1, 16, 0, 0, 2): 0
dfs(-1, 2, 0, 0, 2): 0
dfs(-1, 4, 0, 0, 2): 0
dfs(-1, 8, 0, 0, 2): 0
dfs(-1, 16, 0, 0, 2): 0
dfs(-1, 48, 0, 0, 2): 1
dfs(-1, 80, 0, 0, 2): 1
dfs(-1, 144, 0, 0, 2): 1
dfs(-1, 272, 0, 0, 2): 1
dfs(-1, 528, 0, 0, 2): 1
dfs(0, 16, 0, 0, 2): 5
dfs(-1, 32, 0, 0, 2): 0
dfs(-1, 2, 0, 0, 2): 0
dfs(-1, 4, 0, 0, 2): 0
dfs(-1, 8, 0, 0, 2): 0
dfs(-1, 16, 0, 0, 2): 0
dfs(-1, 32, 0, 0, 2): 0
dfs(-1, 96, 0, 0, 2): 1
dfs(-1, 160, 0, 0, 2): 1
dfs(-1, 288, 0, 0, 2): 1
dfs(-1, 544, 0, 0, 2): 1
dfs(0, 32, 0, 0, 2): 4
dfs(-1, 64, 0, 0, 2): 0
dfs(-1, 2, 0, 0, 2): 0
dfs(-1, 4, 0, 0, 2): 0
dfs(-1, 8, 0, 0, 2): 0
dfs(-1, 16, 0, 0, 2): 0
dfs(-1, 32, 0, 0, 2): 0
dfs(-1, 64, 0, 0, 2): 0
dfs(-1, 192, 0, 0, 2): 1
dfs(-1, 320, 0, 0, 2): 1
dfs(-1, 576, 0, 0, 2): 1
dfs(0, 64, 0, 0, 2): 3
dfs(-1, 128, 0, 0, 2): 0
dfs(-1, 2, 0, 0, 2): 0
dfs(-1, 4, 0, 0, 2): 0
dfs(-1, 8, 0, 0, 2): 0
dfs(-1, 16, 0, 0, 2): 0
dfs(-1, 32, 0, 0, 2): 0
dfs(-1, 64, 0, 0, 2): 0
dfs(-1, 128, 0, 0, 2): 0
dfs(-1, 384, 0, 0, 2): 1
dfs(-1, 640, 0, 0, 2): 1
dfs(0, 128, 0, 0, 2): 2
dfs(-1, 256, 0, 0, 2): 0
dfs(-1, 2, 0, 0, 2): 0
dfs(-1, 4, 0, 0, 2): 0
dfs(-1, 8, 0, 0, 2): 0
dfs(-1, 16, 0, 0, 2): 0
dfs(-1, 32, 0, 0, 2): 0
dfs(-1, 64, 0, 0, 2): 0
dfs(-1, 128, 0, 0, 2): 0
dfs(-1, 256, 0, 0, 2): 0
dfs(-1, 768, 0, 0, 2): 1
dfs(0, 256, 0, 0, 2): 1
dfs(-1, 512, 0, 0, 2): 0
dfs(-1, 2, 0, 0, 2): 0
dfs(-1, 4, 0, 0, 2): 0
dfs(-1, 8, 0, 0, 2): 0
dfs(-1, 16, 0, 0, 2): 0
dfs(-1, 32, 0, 0, 2): 0
dfs(-1, 64, 0, 0, 2): 0
dfs(-1, 128, 0, 0, 2): 0
dfs(-1, 256, 0, 0, 2): 0
dfs(-1, 512, 0, 0, 2): 0
dfs(0, 512, 0, 0, 2): 0
dfs(1, 0, 0, 1, 2): 36
dfs(0, 2, 0, 0, 2): 8
dfs(0, 2, 0, 0, 2): 8
dfs(-1, 6, 0, 0, 2): 1
dfs(-1, 6, 0, 0, 2): 1
dfs(-1, 6, 0, 0, 2): 1
dfs(0, 6, 0, 0, 2): 3
dfs(-1, 10, 0, 0, 2): 1
dfs(-1, 10, 0, 0, 2): 1
dfs(-1, 6, 0, 0, 2): 1
dfs(-1, 10, 0, 0, 2): 1
dfs(0, 10, 0, 0, 2): 4
dfs(-1, 18, 0, 0, 2): 1
dfs(-1, 18, 0, 0, 2): 1
dfs(-1, 6, 0, 0, 2): 1
dfs(-1, 10, 0, 0, 2): 1
dfs(-1, 18, 0, 0, 2): 1
dfs(0, 18, 0, 0, 2): 5
dfs(-1, 34, 0, 0, 2): 1
dfs(-1, 34, 0, 0, 2): 1
dfs(-1, 6, 0, 0, 2): 1
dfs(-1, 10, 0, 0, 2): 1
dfs(-1, 18, 0, 0, 2): 1
dfs(-1, 34, 0, 0, 2): 1
dfs(0, 34, 0, 0, 2): 6
dfs(-1, 66, 0, 0, 2): 1
dfs(-1, 66, 0, 0, 2): 1
dfs(-1, 6, 0, 0, 2): 1
dfs(-1, 10, 0, 0, 2): 1
dfs(-1, 18, 0, 0, 2): 1
dfs(-1, 34, 0, 0, 2): 1
dfs(-1, 66, 0, 0, 2): 1
dfs(0, 66, 0, 0, 2): 7
dfs(-1, 130, 0, 0, 2): 1
dfs(-1, 130, 0, 0, 2): 1
dfs(-1, 6, 0, 0, 2): 1
dfs(-1, 10, 0, 0, 2): 1
dfs(-1, 18, 0, 0, 2): 1
dfs(-1, 34, 0, 0, 2): 1
dfs(-1, 66, 0, 0, 2): 1
dfs(-1, 130, 0, 0, 2): 1
dfs(0, 130, 0, 0, 2): 8
dfs(-1, 258, 0, 0, 2): 1
dfs(-1, 258, 0, 0, 2): 1
dfs(-1, 6, 0, 0, 2): 1
dfs(-1, 10, 0, 0, 2): 1
dfs(-1, 18, 0, 0, 2): 1
dfs(-1, 34, 0, 0, 2): 1
dfs(-1, 66, 0, 0, 2): 1
dfs(-1, 130, 0, 0, 2): 1
dfs(-1, 258, 0, 0, 2): 1
dfs(0, 258, 0, 0, 2): 9
dfs(-1, 514, 0, 0, 2): 1
dfs(-1, 514, 0, 0, 2): 1
dfs(-1, 6, 0, 0, 2): 1
dfs(-1, 10, 0, 0, 2): 1
dfs(-1, 18, 0, 0, 2): 1
dfs(-1, 34, 0, 0, 2): 1
dfs(-1, 66, 0, 0, 2): 1
dfs(-1, 130, 0, 0, 2): 1
dfs(-1, 258, 0, 0, 2): 1
dfs(-1, 514, 0, 0, 2): 1
dfs(0, 514, 0, 0, 2): 10
dfs(1, 2, 0, 0, 2): 68
dfs(0, 4, 0, 0, 2): 7
dfs(0, 2, 0, 0, 2): 8
dfs(0, 4, 0, 0, 2): 7
dfs(-1, 12, 0, 0, 2): 1
dfs(-1, 10, 0, 0, 2): 1
dfs(-1, 12, 0, 0, 2): 1
dfs(-1, 12, 0, 0, 2): 1
dfs(0, 12, 0, 0, 2): 4
dfs(-1, 20, 0, 0, 2): 1
dfs(-1, 18, 0, 0, 2): 1
dfs(-1, 20, 0, 0, 2): 1
dfs(-1, 12, 0, 0, 2): 1
dfs(-1, 20, 0, 0, 2): 1
dfs(0, 20, 0, 0, 2): 5
dfs(-1, 36, 0, 0, 2): 1
dfs(-1, 34, 0, 0, 2): 1
dfs(-1, 36, 0, 0, 2): 1
dfs(-1, 12, 0, 0, 2): 1
dfs(-1, 20, 0, 0, 2): 1
dfs(-1, 36, 0, 0, 2): 1
dfs(0, 36, 0, 0, 2): 6
dfs(-1, 68, 0, 0, 2): 1
dfs(-1, 66, 0, 0, 2): 1
dfs(-1, 68, 0, 0, 2): 1
dfs(-1, 12, 0, 0, 2): 1
dfs(-1, 20, 0, 0, 2): 1
dfs(-1, 36, 0, 0, 2): 1
dfs(-1, 68, 0, 0, 2): 1
dfs(0, 68, 0, 0, 2): 7
dfs(-1, 132, 0, 0, 2): 1
dfs(-1, 130, 0, 0, 2): 1
dfs(-1, 132, 0, 0, 2): 1
dfs(-1, 12, 0, 0, 2): 1
dfs(-1, 20, 0, 0, 2): 1
dfs(-1, 36, 0, 0, 2): 1
dfs(-1, 68, 0, 0, 2): 1
dfs(-1, 132, 0, 0, 2): 1
dfs(0, 132, 0, 0, 2): 8
dfs(-1, 260, 0, 0, 2): 1
dfs(-1, 258, 0, 0, 2): 1
dfs(-1, 260, 0, 0, 2): 1
dfs(-1, 12, 0, 0, 2): 1
dfs(-1, 20, 0, 0, 2): 1
dfs(-1, 36, 0, 0, 2): 1
dfs(-1, 68, 0, 0, 2): 1
dfs(-1, 132, 0, 0, 2): 1
dfs(-1, 260, 0, 0, 2): 1
dfs(0, 260, 0, 0, 2): 9
dfs(-1, 516, 0, 0, 2): 1
dfs(-1, 514, 0, 0, 2): 1
dfs(-1, 516, 0, 0, 2): 1
dfs(-1, 12, 0, 0, 2): 1
dfs(-1, 20, 0, 0, 2): 1
dfs(-1, 36, 0, 0, 2): 1
dfs(-1, 68, 0, 0, 2): 1
dfs(-1, 132, 0, 0, 2): 1
dfs(-1, 260, 0, 0, 2): 1
dfs(-1, 516, 0, 0, 2): 1
dfs(0, 516, 0, 0, 2): 10
dfs(1, 4, 0, 0, 2): 71
dfs(0, 8, 0, 0, 2): 6
dfs(0, 2, 0, 0, 2): 8
dfs(-1, 4, 0, 0, 2): 0
dfs(-1, 2, 1, 0, 2): 0
dfs(0, 4, 1, 0, 2): 0
dfs(1, 8, 1, 0, 2): 14
dfs(2, 0, 1, 1, 2): 189
dfs(-1, 0, 0, 1, 2): 0
dfs(-1, 2, 0, 0, 2): 0
dfs(-1, 4, 0, 0, 2): 0
dfs(-1, 8, 0, 0, 2): 0
dfs(-1, 16, 0, 0, 2): 0
dfs(-1, 32, 0, 0, 2): 0
dfs(-1, 64, 0, 0, 2): 0
dfs(-1, 128, 0, 0, 2): 0
dfs(-1, 256, 0, 0, 2): 0
dfs(-1, 512, 0, 0, 2): 0
dfs(0, 0, 0, 1, 2): 0
dfs(0, 2, 0, 0, 2): 8
dfs(0, 4, 0, 0, 2): 7
dfs(0, 8, 0, 0, 2): 6
dfs(0, 16, 0, 0, 2): 5
dfs(0, 32, 0, 0, 2): 4
dfs(0, 64, 0, 0, 2): 3
dfs(0, 128, 0, 0, 2): 2
dfs(0, 256, 0, 0, 2): 1
dfs(0, 512, 0, 0, 2): 0
dfs(1, 0, 0, 1, 2): 36
dfs(0, 2, 0, 0, 2): 8
dfs(0, 2, 0, 0, 2): 8
dfs(-1, 6, 0, 0, 2): 1
dfs(-1, 6, 0, 0, 2): 1
dfs(-1, 6, 1, 0, 2): 1
dfs(0, 6, 1, 0, 2): 3
dfs(1, 2, 1, 0, 2): 19
dfs(2, 0, 1, 1, 2): 55

