1
60 822 302 50
844 854 298
813 823 298
801 811 298
813 823 293
773 783 293
819 829 288
854 864 283
813 823 283
818 828 268
777 787 268
846 856 263
821 831 263
836 846 248
814 824 248
794 804 248
818 828 238
819 829 233
817 827 218
855 865 213
816 826 213
814 824 208
779 789 208
816 826 198
820 830 183
816 826 178
821 831 173
815 825 158
813 823 153
813 823 148
818 828 143
805 815 143
858 868 138
822 832 138
839 849 133
821 831 133
802 812 133
818 828 113
814 824 108
818 828 98
821 831 93
818 828 83
821 831 73
816 826 68
789 799 68
820 830 63
819 829 58
816 826 48
814 824 43
822 832 33
806 816 33
829 839 28
813 823 28
801 811 28
789 799 28
822 832 23
855 865 13
814 824 13
854 864 8
817 827 8
820 830 3
