3
72
111001011
011000001101000
010100010110100101
00111101111010
0110111
0010001101110010
01010010101010
1
10100100110
11101101110
011111
00111
101011101101
1111101110001001
1010110011
0010100111111100
101001011100001000
0
111100011000000
010011011111
11100110
001010111
10
0
00000000010011100
1001
11111001000100010
10101010
0001011110011110011
0110111011001000000
001
1000100010001
100110100101
01111110010110101101
0010
010
11111111110110010
10
0110
1011011101101001
01100010
111011011110001110
101001010111011
1101101001000010101
110
1100000010
0010001001000000
0
001001
11101110
1001011010001
01100000101010
0101011001010000001
1010010
001
00011101010
00
00111001001011
11011111
11110000
100111000011101011
0011110011010
1011101011111110110
10
100011
00001111111110111100
1
000111
01101000100110
1100001101
11100011
11011000100
13075152161583955467092044414051597176348969726262601114329637884915456866603327033218145149140134373758854621763315035854822262287932893716548383074679905556461721619606143061568744960969123854549608 87732195064809842263905399659618172857306414340625385282704581221716221670779549839316454572809409426319096505478221535462417005571832087319080654595269532769977168907552535273790538665680332887953654
13
1100
1100011
11100100000001
0101011
1010001111011111
101010101
100000010011
100101100100001
1101010010011111
01101101
1111101
001100000010
11101
17035776786342008281978572704390918646276995725977040653916878584653432617983896127794621606863061680452017488030181511505781349011310004390287959288748239184451642624253146218405180643418433829347422 67684339277316441804173964136238575816660562982518534679731378896519173345236843359081722607524211073203325190076085599289745022105015527533004338857840199590489559620535322107162727208285395195941361
2
111101111
0000011101001001
21148398048772990806321442714699638924891421003510280034612244730187735105344350085276402257131478454702077762580861611785100207224537662078345814829619856465614630404711522865342752579436538612205581 93336159508903941733283300925685978146041874393328626361407272352810101115836808140187978267462342480996069635429235311064585693321625230673740536746691632982043348716512944784308025371458917637860989
