3
100
10101010011100101001
00001111000000100110
00111110110110001110
00011011011101011100
10000101000110100100
01111010010100011111
11010111111110000011
11000000100111011001
11000111000111101010
00100111011000111101
00110100100110110011
11111001010001100010
01110000011110100110
11000101000001001101
00111101001011110111
10111011001111101000
00011111000111001100
10100101011101011010
10110100110111100010
11010100000010110110
11111111101000010100
10011110110001101001
00010001000100101110
00000010110000000010
10110011100000101100
00100000000000110111
10010101110111011011
00101000001110111110
00101101100100010100
11101000011000010010
11000001100110111111
00001010100101100001
11011001100101101111
01110001100110111101
00010011111010001001
10000000100100101110
10110011101010101000
01010110111011011001
11000110010101000000
11100010100110011111
11101100111111001101
11001101010111110100
01101000011101111100
00111010010101100010
10011011010111001000
00101101001001001000
01011110101110001001
00011100001111011001
10001111101110111001
00101001100000010101
10101101011100010000
10101000110000110100
10100000010001011101
11001110100011100000
11010110111100010011
10001011011000100011
01111011011010011010
00100000011010000110
11101011001110100110
00001001100011101110
10011000101110010011
10111110001111110111
01010010100100111000
01000100111101011000
01100010010000111001
10110100110101011110
11010000100000011111
10011101101001000100
00001100001110000010
00001101110101110001
10000100110101001110
01010011000010000111
00010000000101000111
10101110100001101010
10010000110010010011
10010011100010111001
01000000011111110010
10010100101110101001
11101101000110101100
11100101110101000011
01000100010100000000
00101000011000101100
01001011111010011010
01001011110111111110
11001011111110110000
00100001110100000011
11010110011010100100
00101100011110001100
00010011010101000001
10010011011101101101
00011100000101100101
10011011101011000001
01010011111100001110
01101100101010000011
01000011010000010011
10000110010110010110
10011000100111011000
11100000001111000110
00101010110100111111
00111100001010110110
23197176323226217883144790486641642674224808995011241141464752044138472586118505409164558234411816323999585358397811863334124843521586707433274128799021644877393720668392156764798955538312130500613378 94310594609069928840260349123944330338605855639830298531592114853900345687610909804921159206910998935150870339880216763544463378429804174400730189121066579812384241035548041636016852089065040213189520
100
00100001010110001000
01010001101100001110
10100001001010000000
01111110010010000101
00001111001000010100
11110111001110110110
00101110101010100010
11111100011001011010
10101010000011100111
01100011011001110010
00011011101111100111
01010001100110011100
00110101100100111111
10000000101001000111
00101111111001001000
10101111110010110001
10010110110010101101
01000111111110100011
01101111111010110010
01010011000001100101
00001010000111101100
10110011010101010111
10111100001000011110
11001100011000110100
00011001110110101110
01010111100001010010
10011100111100110100
01100110100010011101
11101000111000110010
11100000010001000111
10110101101001010011
00011110010110110111
01010010101010101100
00111100110010001000
10010100000001000101
10111101011001100101
10101100110101100110
00000011101010011010
01011010110111110110
01100100110101001101
11011001001010010010
00101011101000110011
01110011001100010010
01011101100011101100
10010010111000011110
00100110010111010110
10001110001000010001
01011010100001111100
11100001010100100111
01111001111000100110
00111001101010011001
01010110000110110111
00101111110111100111
01001110101111010011
00111111100010010101
01011010111110110110
10100110001011100001
10101111010101100001
10000110011111101011
00100010101100000101
00101100110101111101
00110100000010001101
10011100011100111000
11001011100100001000
11110001111101101000
01011101001100110010
00011011000001111011
11110111101001011110
10101101000000110010
10111011011001110001
01010110111110010111
10101110111101111101
10000000000011000011
11110101111011101111
10010010000101001010
11010001010110000011
11110101001010011100
11001010011001101100
00100011001101000101
01100111100011001001
00101001100000010011
10010010100010000001
00000111110010001110
00010110101001100011
10110011100010001110
01001011011000101000
10111100111100110001
01010100001111101011
00110000100001100110
10111101111010010100
00011001010000000010
01101101111001000000
10000110011001111101
10010000011100001101
00100001001110101010
00100010010100001100
01110000111000111010
11111011110101001000
01100011111010100101
00101010000100101110
33227139231923995991091851964543304674852086882198257882380673224346163627479842211060665222682227207857225822598359723962498621726432643969841835055884718504434975941505078938699045771630403971445473 88498282512309416743603836061755573123647904718583963051710918014002352894793873797727557339879990980344986719475180614555946895510193114711530764380695739767283383699943325831942366788710838925734359
100
10010011111101101111
11000001000010110100
11001111001000101111
00111000111010101100
01100001100111100010
00100000110101011100
10011100011010011111
11111010110111001000
00100011010111011111
01111010101100100110
01000000110000111100
01001110001000110110
00100101000011001000
11011010001001101010
10011000110100111001
00101001111111110101
11100101101000111111
11001100101110100001
11011110000100011110
11000000000110011001
00111111101101000000
00011111111100000001
01011001010010111011
01000011100101111111
00111000000110100000
00110000110101111000
01111100011110101101
01011100111010010011
10101001010101100110
01100110011010100010
01000111101001111111
00111100111000100010
10111000111111011101
01100101001100101011
10001000110110110110
10111010000010010011
01010011111101101011
10111010101111010100
10001100111111011010
00001010000110110101
00110101111101010101
10101110101000111011
01001100101010010101
10111100111101101001
11110010010011001001
00110110010011000100
00011100000100111010
01011100011100000011
10001111010100011000
00110101100010010000
11000001100101110101
11010100110011001011
10110010011001010101
00101100001110000110
01101011100100000100
10001111000110111000
01010000101101101011
10011111101000001011
01011100111101010001
10100111010100101101
00100010111000110100
10000000010010011001
10111000111110010001
10111010011111100101
01011111111011000011
01111000001101100010
11010010000100101010
00101100001011011001
00011000001111011110
11010110101011110011
11110111100000111100
00101101010101001100
01001111000111100010
10111101110110001111
00111100110000010101
11111111010001101111
11111101000011010110
11010110011010001110
11010000111010000010
10001111010010110111
00001110100011100100
11000011011000110001
01010010000111111010
01011010110100001110
10011100110011100110
10010011000001011110
10010011110101010111
01011011010011111110
11110000100100111001
10010011000111011010
01111110001011100000
00011100111001110111
00000000000000101110
10000101101111100111
01011111001111101110
10110000111001000010
11000011101000100000
01100000101011101010
11101101010100111111
01000111101100001110
29700630325377643507721187684690598906412545408233857783491243964410072701332251766702937216995132284692769330872877597618119516660020530035517487232818876338806784235306519256801696265824716292558720 64478652776798973559090363203560363702995908449718065454579235597708003593720248830293318905338172791432146670107629950290701505658814465835309049968414727776347663191229074245862596612670133152477521
