1
971
27105 12583 98098 27610
50198 29216 54022 44343
70288 38265 86939 64262
28259 25148 30552 55000
70904 31742 74789 78576
54587 1280 83942 37363
14683 17286 80439 18339
19819 36994 92154 76639
41774 27292 49086 58200
25744 40507 80869 95784
54026 4461 59447 19458
20430 9122 20557 64333
19703 17167 64512 58890
6091 17041 18145 63888
913 27619 31731 91843
75729 30241 77164 99769
42401 33682 43189 89741
58198 40901 77401 59150
94243 40975 99752 81858
80969 75410 90785 90484
6903 39556 93452 43239
6800 10844 65672 32835
27941 7077 77758 92684
16779 20537 36429 48511
12260 29716 88389 50527
37469 9696 83752 93114
8530 38922 78492 98344
5533 53936 83882 80880
22974 6962 31104 66982
1105 64766 81695 82975
26931 65756 41473 68688
38924 25674 67904 64201
10991 10808 50180 50734
20843 13137 90617 89999
94974 13287 99599 22128
21629 35738 84890 81607
37373 17615 62674 18971
1487 72999 16650 97581
35137 906 74465 46164
3194 27025 45002 31351
81598 20411 87354 90226
39946 39363 70257 61221
49197 28061 89829 38318
4344 37721 58952 46051
6403 21357 82505 31192
76408 64955 99820 96772
24115 7314 75292 64578
73284 33975 84628 91110
68940 53632 97753 80151
62679 75041 64030 88518
36420 34693 81358 86347
6928 30859 88107 83020
60959 33131 67115 68680
20260 53429 63888 91860
8870 34139 55785 65136
61142 72522 67136 84874
17856 39833 85184 86539
1461 36345 5517 53776
49310 54125 64459 57856
12386 10937 58077 46930
25422 38585 66346 44762
9993 72042 97492 95329
5633 48059 86297 93476
48323 22439 59648 26877
99100 48310 99436 88394
9783 86016 64944 86856
47997 66685 84844 97406
61942 74865 87422 77918
26074 49346 52178 64749
28672 21771 74851 63643
7922 7543 43269 44722
21204 65611 23859 84947
67080 49798 92711 79722
56471 43610 69950 50373
38703 57771 56011 66900
55989 35036 96294 78575
21379 44353 63963 95030
3263 17432 37053 71966
16950 76749 85998 80501
93396 99 94484 98823
4921 3436 58469 54795
46748 21647 93455 33180
92467 49009 93506 67569
13439 66301 56127 84492
43428 46148 62325 73232
18376 39430 50732 61230
87367 20847 92693 81906
28959 4528 46042 21891
11927 75980 14728 81935
23417 53606 52895 70541
84464 24403 99507 51160
2914 25247 60072 85130
15431 78528 37253 78920
67972 57370 98355 67039
45742 38631 69655 73516
59561 27269 81508 80462
16127 64805 77824 99154
4887 41599 86465 54728
77510 63866 95677 69333
34580 13423 72723 31733
51638 42897 76015 44861
53953 62127 65934 74961
1177 44866 77218 75592
4621 38985 6279 57268
28584 65770 56440 78454
19623 59241 23079 78012
12912 1519 35981 80096
88164 21085 95338 29081
26051 19389 48559 32729
34652 9362 93721 33385
52505 8 74075 8868
38800 20538 87624 49052
31902 31298 37476 89411
11494 2107 79787 49393
70377 60694 72933 66847
46842 2364 69721 72530
53683 11392 69801 53250
23166 9785 36488 27652
8428 72460 72636 93108
16054 27442 52617 32776
22116 47849 99533 53545
4570 2293 67654 30041
70645 30967 83325 72598
55281 32267 74751 56482
40538 30452 62471 32498
15295 20697 28832 49867
26878 29027 40435 31343
57288 43128 59071 84330
18128 5975 65171 9021
66380 10459 69634 69413
15169 60052 19990 90088
41641 25145 64259 65936
25919 21838 59576 22428
87705 60672 98073 64118
2184 13277 6106 99967
22695 23990 85547 83002
80 34202 45872 76796
86564 40428 88382 96380
38620 84200 84459 85137
9120 35419 40435 63187
52215 4676 92168 8979
8611 55016 52982 84223
23762 42767 39903 82048
15643 17506 64869 43986
74290 12149 91225 54465
170 2591 4702 7951
9430 31553 17306 87310
16448 21351 68683 58621
3633 39065 89402 92460
22427 50025 55442 63624
75387 14651 93959 97913
37668 7515 93818 89626
43312 5114 65243 67339
35245 13084 46311 66528
77804 42431 83477 76608
67099 8637 89689 56036
4149 47489 71472 84834
31497 14018 72703 69912
3283 45580 74252 66829
26749 11410 52640 26755
59035 36054 60817 75443
63782 66291 82911 79449
31886 76074 35562 76504
37686 80076 58610 93794
10659 72487 86738 97758
49239 59963 93750 73775
14592 24926 40034 68868
56240 57854 76467 76779
2830 2407 58624 65996
32457 18017 95669 65494
65438 29182 84391 47132
34111 23596 86995 27227
39178 44011 50667 95146
66978 40728 94288 46955
11910 52260 38693 66686
16072 32192 53035 59447
85806 10219 91102 75050
57110 12311 85898 67201
42505 25687 45784 79457
72099 2133 80715 63875
27201 17693 82697 47867
49501 46394 49932 83446
88687 12418 95788 75244
40440 17625 98687 20544
535 22421 58979 28668
8787 668 48747 26891
931 1095 28447 29181
4792 67013 33103 89923
29510 64148 91155 66211
54326 39560 68947 45140
48224 64871 82470 98825
11230 4997 33540 25668
47017 15547 69834 60162
33415 18087 88683 53354
18594 55552 91334 88242
11018 42823 65146 92536
36147 59495 74825 81879
15175 6149 62303 53850
41016 28623 94711 80628
6435 8823 91608 23760
61921 4817 90060 87194
22661 46413 91569 73610
23257 10215 42700 71932
3440 2188 66174 46746
33249 44113 33657 77166
8508 21673 76357 99653
27473 49913 61297 80778
12958 32582 84693 42406
71169 53734 89642 82006
32634 69382 84973 77069
71035 12833 80661 84810
57493 31051 67118 59388
74952 32581 78736 68068
83087 4332 96793 9074
23304 28796 82910 77627
7811 23924 43960 53651
15604 7926 86094 42816
3159 25639 98933 89399
37076 10687 78785 95973
20580 56745 76847 91237
34396 16520 75146 62007
48785 23156 52048 24271
61710 38627 95107 64964
11073 49584 39529 57318
37443 22937 93455 33466
33229 50900 79399 75245
21292 12693 82632 19994
40019 8297 75806 22710
32252 1275 90258 97061
15287 76043 82412 77758
44791 74669 58455 98517
11677 46128 15194 84808
22119 7095 90143 22934
66966 7398 69217 60965
38449 24870 42277 97605
5216 4382 83741 89129
18010 2826 49416 9123
11207 86976 36224 95652
32162 63513 69971 98882
50679 34809 55866 60072
21056 13399 94333 27291
6432 9707 37346 71584
22836 21726 60448 63614
71689 41151 89109 89410
44575 67802 75434 97892
19056 57806 31033 63563
22833 37215 78645 92215
52190 38406 87935 70825
67580 55321 75693 92510
59192 71613 70006 88753
17830 84660 46251 98353
76609 51642 80001 89653
7767 40169 48095 41983
48278 42492 54535 91495
18159 11914 65278 77914
49289 17232 59847 21580
53467 68715 99837 72530
65950 47964 85235 73760
29357 39462 46283 99322
2111 52418 99164 93988
75000 46242 92550 50410
34467 67040 86349 76757
57628 7964 92949 30339
2783 28780 53690 53051
4273 81496 9111 92884
6576 12181 47323 54504
60444 24229 66237 28608
32049 7630 41921 80530
19018 22592 69126 32218
44559 44313 98014 99101
9804 2950 17274 58898
9063 23702 22868 81112
72812 44624 97471 49750
53544 5683 77316 65447
23521 41710 80104 72949
13002 29767 86185 42545
29207 73344 85174 99702
4603 57544 93986 99603
31956 59808 68757 84222
60789 42388 85143 76385
25683 79721 87711 88148
36701 173 92926 31767
2701 37797 75089 77646
10633 63608 83673 98767
50030 10364 79662 15305
6451 8672 81012 79099
28707 41138 58908 71771
19246 25504 36716 44072
37596 9333 70299 47904
31686 82042 94415 97761
292 69934 39812 83953
48079 36892 57435 92061
36579 53002 74871 59644
84699 14512 89386 15133
11713 54946 90957 79138
23255 61439 82294 66358
11229 4078 81884 20004
7656 3852 74417 81626
91931 8582 93229 64616
60716 47670 79715 75619
46425 26587 57876 48517
8270 9864 57833 93385
1807 11228 48884 40316
36327 11081 75085 58027
59410 95943 59992 95958
38186 15268 53149 88855
53704 18991 71666 23170
54201 23582 80446 62868
57841 19024 95116 95978
42344 38154 48936 57512
31446 59607 39991 77717
63125 8763 78558 66126
36918 13731 40531 48462
7513 39355 66026 61168
19060 29092 30933 93131
49458 16330 87800 20530
18388 4875 96025 66268
19199 11619 34902 95153
80037 24800 88383 91573
68971 61573 81502 91711
26724 59170 90803 98514
8114 57188 38264 89541
3570 72710 83144 96993
64736 440 91420 94727
4746 7826 25750 75553
50871 62222 75368 96229
72407 25300 74198 88283
37925 49043 76898 53821
4039 25525 72683 54280
80428 122 99011 26849
20389 34282 93664 57830
4205 43564 57563 52501
13529 67007 69793 81537
24835 71434 38011 82701
17250 10833 50929 52165
58245 6706 89842 77964
46123 20638 66057 96628
33476 15381 98257 86897
45767 6587 99330 6792
33556 25431 66411 31779
26153 37503 80513 51732
16189 43324 23930 65686
62526 91027 98481 92118
84896 22541 88509 44789
32808 13145 80613 79080
34951 26941 95467 58501
72200 2943 96359 15042
59375 29705 64863 93828
1681 4893 85938 32500
27146 8745 96458 78735
8349 11333 74620 36195
64878 58184 74779 61851
14992 61279 21905 75176
14281 17799 35821 73225
34134 33511 38336 34281
4641 18071 18113 59026
437 34968 36454 52963
48168 13833 80740 30503
3586 41514 28410 77860
65303 49715 84207 70665
7565 42011 70896 74332
64225 48409 75338 71563
43961 31192 72689 52022
34429 31327 81890 48048
47003 9590 47712 74362
41395 2675 85792 96127
8227 18978 16634 39985
5664 71515 15517 77539
19561 63920 23837 94650
65942 27701 91858 68313
357 57393 68397 76580
38601 2162 48619 16121
52760 15151 94581 23794
51964 7621 55987 32122
10165 37103 98084 63634
43099 5865 68291 31880
20271 89519 73893 98986
54835 57938 74020 74289
12807 63572 48409 78469
58061 19408 93776 26944
15665 79918 36359 95097
35046 49292 41212 74087
45173 23010 61436 99264
16107 27470 94349 70815
21177 27605 84444 94098
38207 13300 75111 54530
12820 68196 34472 86979
36325 40790 65392 49765
23856 80012 65651 88683
9939 41020 92445 67401
8207 17714 35083 39527
17183 20706 83710 22175
4003 11460 32166 92694
91563 23457 93238 31569
27452 21733 90941 58273
20652 7917 20667 56435
23013 23041 25305 81203
26052 31794 58527 71246
2407 10547 35921 35696
59233 56981 72815 91112
2464 5204 83274 54806
26698 36081 80714 56840
18152 82675 50737 85350
2058 32052 80165 35821
3903 1825 19896 30090
40516 11327 49242 61627
38319 11078 94057 34682
76364 42760 83549 62107
37290 11829 61276 49407
25679 35470 46963 72988
69853 10469 82102 13014
31268 17368 91406 90307
52896 10286 77311 72720
1936 35951 16819 95596
31734 38483 75529 64377
965 26595 14863 73480
76782 37261 94831 72968
46659 38000 99898 52328
89973 68924 93156 73449
76153 24530 79642 51800
18054 47172 31707 77788
10585 32786 76204 82534
2922 44573 40532 53681
83608 9252 88639 72279
82443 60738 86957 99740
29854 72850 76731 77594
4962 27447 20992 66826
7758 81891 75462 94546
24053 5839 89124 26248
5311 10610 92172 60147
7883 75645 74239 86053
4487 17621 55192 84067
54606 15105 79232 49579
64573 5053 87213 23283
23591 11209 92565 75830
50146 77131 63139 95614
26117 42518 88656 48345
52359 17799 81253 76096
59381 31326 98753 74430
17737 2823 84805 39626
25766 66521 65672 75248
5865 40952 87307 75642
6115 55039 65960 87288
16465 48066 49113 67466
34209 5169 55688 71716
27384 9122 44009 11145
27679 28875 50916 80069
38430 38327 70437 84863
17188 44300 67696 62669
21615 11637 38600 55085
3567 20948 83269 65412
42288 60610 47927 85279
4918 2431 73623 12260
47621 27254 58881 36662
47871 11319 57891 68996
35315 14814 39557 35564
77817 82185 99009 84060
41891 15617 59256 72556
16057 1363 63884 67178
45240 41360 83673 66188
17799 51930 47423 68440
44843 26865 65248 29318
27154 8718 89624 42884
72080 7215 89012 58526
14598 35838 76684 66425
1328 70316 79133 76894
52629 5434 53299 92851
5037 10720 24845 35744
3322 29395 96363 63698
29723 95 84785 18129
55156 69237 78446 90840
33823 40535 50383 86261
1179 7688 77065 79076
1762 14725 5166 74778
27469 11151 51672 41204
44506 45310 49711 58012
44611 64442 85475 67270
62293 46544 89065 53784
39011 1046 79411 40342
2604 4124 28800 15756
36030 20307 85416 66536
18609 15746 43966 87499
35260 27028 39752 85290
46868 2050 96757 97844
89672 18337 94902 70039
2635 1804 28456 92736
49059 31535 90598 83986
90723 20558 91629 63156
71225 33239 93209 97680
25480 16993 61118 50236
37495 50306 48369 52071
41218 8301 85205 46969
10137 12435 34070 28854
44040 12938 68561 21837
27651 4003 41027 31166
20303 30829 46037 73818
63143 59572 87285 71564
78910 23930 97823 70957
47236 4524 89528 36751
18764 75278 25946 77371
32189 31470 83691 68839
22400 27821 76195 99452
54759 18144 67663 28869
3647 7384 67089 19564
69776 14635 92545 89662
78119 43335 79404 46637
16654 47890 78992 84377
58019 9724 65091 59772
34829 3708 62852 86659
43633 41385 99513 98058
19840 13194 30417 55879
73762 15150 82838 48016
11585 44103 27165 98754
52803 781 83644 73547
10408 46819 77329 78017
15856 35296 23479 39598
51606 14860 59302 24371
4999 12570 41480 34256
16890 14829 66336 34573
32524 22625 91922 70761
9775 14030 50951 57439
42042 52232 59506 80915
48311 20376 59608 32846
35114 5133 87191 68815
16254 20495 60644 28081
3535 21048 85180 58635
10145 2918 35033 37455
8111 49382 60193 64189
35552 24902 92043 53744
40026 69914 82237 89214
19451 8454 22466 47883
16733 37192 37848 39779
29738 22499 78695 54449
21546 1221 42481 59539
427 938 55901 78025
10865 45143 79035 63809
37712 81524 57280 84367
40710 68821 90835 84205
62656 30911 88988 42323
1947 38449 30668 96590
30 78849 37943 83272
8998 54790 23029 91908
15457 27419 49214 40917
2970 64526 42664 79946
29090 3615 77723 15957
3547 24436 8269 25090
16167 22607 81600 24586
13157 57513 78273 80139
25713 21894 34384 43442
42773 8205 81374 63160
38305 4401 45203 57465
11347 17660 95055 43804
41615 64253 44428 98814
81868 18740 97395 78519
80454 60755 84613 86434
79206 20155 95263 32120
29108 22437 53487 86748
73874 31375 95462 86490
6537 62719 87711 68280
39124 17839 50388 39175
40599 9139 69841 58038
43192 61401 88902 97029
15215 42035 27195 98337
70131 2414 74229 8986
29430 13111 55553 49537
7018 3205 30581 18383
6452 5386 8283 16346
49303 20953 91938 50490
41712 40444 78420 65288
61452 2416 63870 57753
74890 17394 88204 50123
27204 40405 71510 62093
39911 38398 94791 89520
25249 12185 44403 20680
3412 47855 28424 66928
33818 78635 72951 96515
3024 43808 3686 95987
39950 1707 76991 98683
1884 2432 8882 70459
18420 58370 59744 69730
5807 40726 77385 96820
36078 14333 82278 77891
15075 6783 21298 34954
74187 7446 90414 22219
1226 38947 38353 84499
2149 3275 85602 82125
58948 11167 72239 83443
34546 24805 63327 57965
8147 52369 77223 88159
11578 7918 55564 52783
23328 78399 32248 81222
61583 11227 83711 21415
30896 3520 62735 41798
32263 5835 85003 38616
61280 65558 75017 75437
18795 76416 93786 79061
24441 29126 58418 84508
35642 67673 68590 83051
27037 26034 50637 80826
4315 85848 74401 91070
55660 38606 90406 43503
54554 81988 72847 84244
17115 45468 74584 77019
21357 73490 85804 75383
20265 29648 93817 41331
16237 19907 24395 35847
81213 12444 96441 28114
15437 6011 80339 85622
4681 17573 97114 44664
35040 7918 45585 94150
75690 22558 80007 88297
43280 62038 66621 98964
27905 17634 93463 87020
33378 33300 61981 46472
41909 29178 54316 32823
26650 34674 68853 57523
57239 12851 73555 41615
47248 6013 96363 64643
77337 35 86762 91515
10106 4183 85854 77086
27944 59355 85844 98381
33219 9017 49637 33676
17318 5412 59520 73584
42794 21805 75594 26607
69563 16713 87712 21087
45988 26629 66344 96658
23032 75736 90329 88304
90613 17904 93416 67884
5783 80615 98282 81961
49282 69627 67358 86363
5429 71129 33754 77463
32321 23074 82702 66961
7321 15347 28416 97881
45730 22737 89271 24014
76102 23261 97299 84592
55470 20930 89382 50678
25066 3905 46402 16277
45509 18666 64098 39396
38285 14781 48249 81640
28164 4571 51254 98425
28307 3092 95265 44983
2400 69290 29880 82706
44891 68070 60123 76376
59908 42369 86188 63457
16291 32025 89251 75726
20692 71231 33465 73198
14947 22284 97282 83595
66449 25138 82490 95835
53572 59158 97764 81611
30021 73797 54277 95071
35640 42307 86478 70648
17264 37910 58466 40824
48898 6960 64962 29485
10622 693 42644 84369
28290 34892 30674 37892
14350 47893 30846 84838
56130 6202 95775 39713
53671 17450 97178 88479
42444 36597 44627 76411
73190 66220 96816 71628
69564 634 74315 90319
13328 15570 33041 78737
23511 82446 51265 89038
31438 20449 41174 53677
87176 47872 97066 62498
2145 24881 84152 37559
43020 43358 62253 53520
13468 47438 28124 71176
52986 361 55629 75185
56874 41712 79126 71339
26925 35568 37221 94158
53803 28694 58939 72204
47832 67881 68983 86386
22277 24793 58870 72565
27583 63455 65457 84915
19827 69959 55646 99586
66785 75406 76727 93309
22122 23189 64068 60655
3382 32524 81681 55153
39819 462 59977 696
20346 15066 39592 16548
32357 64257 96498 93542
27024 22555 32922 27131
19354 33608 65949 57082
20585 59482 63483 91452
47194 43562 51106 78187
64996 58790 91859 61768
41908 38956 43213 62105
69768 75549 82697 77621
81114 14282 85968 63975
47289 73841 70260 96705
19659 7067 88967 86040
93179 21083 95135 68634
6063 11183 33814 94689
2968 21972 27941 23688
11293 42204 47365 63939
86592 50031 95112 63116
72476 56388 93664 58544
36783 80047 80864 95631
22284 6436 63180 95191
5078 45553 70397 56765
30258 29321 71064 46996
12805 12370 40702 50042
59794 50478 87828 56847
90255 53607 94499 72467
29051 151 69518 64642
49016 39703 81019 52163
22951 42375 46072 80616
57139 30483 97319 51247
48241 23583 75179 85260
32915 5424 71071 21235
14024 79429 85189 83058
36523 22669 47153 37501
7651 61883 74201 65634
56750 64158 91634 79653
18658 62470 32305 75923
52069 58908 81751 64872
22340 48830 79265 63196
75873 43899 89951 78698
56894 20723 78896 68004
73889 59974 81110 81969
66094 64890 88295 79464
62950 34362 69776 51817
13007 22723 81633 42645
85232 13816 95532 14146
636 14214 50569 41360
42928 67397 44128 95322
20957 3433 54458 60741
58251 1556 75062 95170
25849 6443 69522 91884
12528 5973 35408 6367
53011 26740 82385 53956
7636 28020 80225 29966
33634 76547 88901 85578
66488 60881 98709 89330
37656 68674 59688 99140
26237 36013 29052 70642
52888 81080 53408 96505
39498 37069 75879 93094
38271 15356 71165 97639
13362 5115 73834 74743
34119 66751 49664 74832
14599 10262 98017 88636
45745 14240 65052 72303
57006 3521 96449 4168
4194 3876 14939 92443
16389 24508 43700 31828
40164 15948 73678 57391
31243 75661 35431 86479
27507 16982 93927 95343
17380 64185 26044 76878
13734 43904 37475 68215
77097 48620 92969 57419
39411 61561 98555 82935
22846 25976 83095 42798
25166 14873 93254 51223
49434 10230 85631 96674
68946 168 74214 87014
38963 22945 67873 30553
39054 16416 46396 28511
30429 23791 81816 75503
69997 28055 84672 44361
33863 61559 96715 95966
35599 20718 38686 83591
8643 69972 63179 76051
42751 42001 43010 78907
50835 19311 59184 27166
22231 58234 33137 99009
37247 16769 63057 63158
41258 28863 99136 65829
7487 19941 52821 87547
58473 10865 80691 96385
5946 65249 15330 88294
6895 33122 19828 99224
13369 62941 84657 98936
28794 35655 84452 41514
26214 82464 86533 90671
16533 4297 46359 92319
62600 12867 93788 34112
1902 40122 62489 43865
18147 23191 61346 47258
8951 48205 97585 76380
9101 8789 44380 76791
2493 4899 97956 72216
13324 14457 38672 40747
3622 36449 54300 76035
36289 21921 44524 85828
29242 10514 59675 34425
5450 22043 48575 81674
8609 55169 50949 83953
31827 6972 97821 21950
8220 18572 13738 95286
6395 44232 39466 68579
92851 19725 97640 36495
89655 26129 93625 47140
39112 16341 97236 82158
55138 7392 84331 99047
19976 32907 72853 68453
32187 2140 47658 9684
17383 53369 53129 66475
9079 43707 37233 49720
25998 22201 56836 53055
15664 15723 51583 99700
66425 54604 83508 63070
33740 21660 99408 92106
6147 49874 18251 95291
40753 51809 65578 87941
58122 67335 82217 73963
12270 35999 70852 75366
20892 40980 84583 79602
10770 5352 76398 83751
3618 3285 7903 91348
70496 5187 75815 65487
9953 22608 18210 75272
29921 977 71490 37219
29287 23281 91145 49739
52025 53408 89928 85777
36214 39926 47428 90942
9249 8766 96731 84117
24154 39554 30533 73919
4697 8315 23803 77759
19274 63724 26416 85861
4222 28413 73082 35316
1918 6576 76866 69196
28366 22729 70888 77534
13328 16934 80091 44958
13271 13485 81285 41821
5454 43654 58787 79679
25003 8575 37242 52672
19293 32948 59633 93551
22659 22283 68999 41967
24754 33715 56704 68498
61538 19218 95028 77756
11799 40374 13592 72317
51734 40359 88725 64155
40693 65834 58641 89360
1073 49053 8603 67645
65096 77322 85507 98838
60557 44266 91563 94726
58750 35379 72585 43795
24717 6251 33728 51151
3364 38871 25340 66911
25764 25509 95616 98263
63242 50763 64464 54020
60317 45601 61131 73252
38008 52452 84834 86497
38691 22708 78339 38730
28297 33571 65029 46611
8706 32655 41219 94383
40660 8201 41894 86631
28942 10031 52863 79922
1045 56687 87397 75212
30457 69353 60585 71364
78877 61460 97644 80557
27095 17264 39949 46101
7796 12697 27068 46100
40469 29312 88936 83495
37667 3309 95245 86645
24798 59124 56780 89590
25507 2882 51538 44985
9094 55571 85096 80156
15362 43193 61318 73467
26859 22799 65330 36936
6340 7208 58165 66101
63798 6006 97470 28111
9168 4648 16711 6452
15096 44983 16583 58955
8537 1759 76284 90249
20205 76340 89928 85955
14900 16854 49298 21336
55543 7280 92458 52918
82548 41100 93859 75103
17047 10404 98863 21057
10782 64508 58297 67750
39785 32974 96748 76191
7782 18413 23212 96277
18787 51936 25706 81326
43657 78610 85860 99602
9104 9877 47987 55957
37481 16637 99608 61792
12322 15183 89727 39360
2537 1288 93956 85475
26820 25225 98456 47507
1137 67048 82365 83412
59604 40873 70152 78123
51260 22792 93179 61896
24379 745 99102 53584
26488 55610 33708 64428
35687 44909 62630 95666
23529 21252 50476 98187
13138 17322 66981 46074
28436 13101 52460 86399
73121 6524 83664 92909
3676 3681 99146 36066
8094 15142 44633 28214
1003 41954 4487 79816
18088 16330 71134 54647
84038 26485 99969 56842
41484 75738 75392 95815
16716 34523 77505 53633
55585 55629 81040 86664
57194 1754 63525 43754
38430 17714 84919 66287
483 20470 10404 43199
57019 22992 75284 71311
4735 11880 57178 99579
49381 90568 72402 95406
38848 25760 58365 53083
34968 58137 93222 96166
29137 18476 51221 26849
13615 17826 32390 46322
74514 24396 80044 90843
25707 22244 68554 56537
7405 5713 79200 38907
24061 23007 71639 53060
3464 7296 42471 55749
68168 16820 98545 90375
4470 41052 34934 92876
8516 11270 8848 13174
11343 13094 66404 80060
61408 63930 92602 98597
68350 31452 90063 50957
15768 27629 55702 73160
23323 73483 49135 98634
28066 30 52163 44592
20427 37260 79263 90190
29846 45235 79276 73384
6605 17357 91996 62222
60620 6297 99462 98637
22186 54674 39427 60867
50493 24182 98411 42692
44271 13211 82950 37642
22353 14051 90149 24536
44281 40523 59475 93745
163 44874 60902 86363
46288 22155 77188 40038
32743 9264 34308 29069
54714 1562 89485 36695
6447 7659 94959 36050
2947 50253 99697 98380
71873 40011 86258 66880
83083 10064 97736 37840
44558 30064 50737 48090
21127 57815 50967 67237
88100 29927 92914 76114
30552 54435 46580 72199
12287 85078 87924 86680
43705 30109 84221 53889
14037 17484 41592 96343
47176 93856 94484 95249
19478 5775 64014 98677
33727 30475 78703 92988
39417 747 98674 2407
25997 6717 65980 85112
10656 29218 35746 66724
9100 59645 86811 85574
973 17271 51020 65628
10772 43917 85136 72881
61132 8594 98028 23329
4911 15419 33525 55508
41250 14286 75804 82879
32223 7676 83109 31039
9709 76197 54838 76399
32029 56699 78424 96638
21130 76865 46322 91905
60250 28910 99139 55852
13173 48173 45688 83120
32012 26625 63543 46516
29869 29080 38814 35509
25167 40497 59487 85626
47734 19648 60522 27467
