500 500
500 79 565
496 73 554
495 28 973
491 431 990
490 155 601
489 329 974
488 400 500
487 58 107
486 97 554
485 317 276
484 354 826
479 454 449
478 113 77
472 432 417
469 95 146
468 105 643
465 54 626
463 165 479
480 345 97
461 364 829
457 51 501
455 397 865
454 436 292
452 111 643
447 221 533
441 251 370
442 232 600
440 234 6
435 35 307
434 356 316
433 121 570
432 168 227
430 479 681
422 25 417
421 334 447
420 25 298
419 418 426
415 115 687
413 301 842
408 341 739
423 179 459
406 196 719
403 371 813
402 364 127
418 426 955
397 447 857
396 147 843
394 149 517
393 120 510
409 47 383
390 66 211
387 291 62
445 288 483
386 347 536
385 130 324
384 288 30
383 251 263
382 17 215
404 74 431
379 99 377
378 325 667
377 282 670
376 38 993
374 320 523
371 42 281
370 217 739
366 212 231
365 55 240
364 63 443
417 76 16
362 131 960
359 408 720
358 395 252
355 413 398
349 268 996
348 488 415
346 373 235
341 308 785
467 113 622
338 242 685
337 264 46
482 139 192
407 214 87
352 269 409
335 286 87
330 294 665
327 32 962
429 42 198
326 145 589
443 451 658
324 29 356
322 50 976
320 366 694
431 48 848
318 161 174
381 36 124
317 100 699
316 217 747
314 243 665
313 376 629
361 257 655
333 285 634
311 307 73
310 136 886
309 70 319
328 111 338
308 131 980
305 401 303
304 158 212
302 493 431
301 492 42
460 279 515
300 439 877
298 397 668
296 435 890
389 129 567
336 182 22
295 223 359
334 417 13
293 458 147
444 398 120
292 9 572
291 115 803
290 43 665
287 447 1000
286 143 925
285 254 283
353 90 561
284 159 562
282 477 305
280 184 256
426 95 901
278 243 873
276 417 630
462 474 685
274 121 619
271 273 850
270 45 981
297 215 752
269 243 126
265 399 572
260 404 674
259 326 250
127 258 24
476 207 549
124 18 595
123 193 799
299 90 609
118 271 310
117 119 259
144 92 802
116 18 172
112 210 24
168 236 192
106 217 665
18 48 148
39 27 775
312 62 153
103 271 739
102 144 286
147 341 620
343 429 709
100 131 642
192 39 737
97 110 150
95 381 422
321 439 591
86 133 933
179 40 597
94 130 898
161 63 198
93 219 294
222 90 331
88 6 403
132 219 369
369 114 782
283 200 852
87 396 52
120 145 313
115 150 729
263 416 529
84 54 899
122 172 757
400 151 575
121 430 870
184 367 654
237 314 89
79 345 579
186 238 906
78 179 507
356 158 820
67 447 908
23 491 718
83 156 411
208 288 559
264 102 74
77 289 791
205 161 879
76 111 361
75 175 782
494 13 765
60 447 275
279 91 287
268 102 16
72 298 578
66 482 595
220 328 841
71 220 883
226 65 697
448 26 139
262 212 799
69 405 413
141 76 887
163 54 835
307 312 553
126 493 405
54 308 513
492 154 473
252 394 873
32 73 462
98 13 747
68 43 35
80 458 997
65 473 744
451 366 558
99 177 485
85 318 743
64 339 631
63 117 402
104 178 348
62 347 261
12 159 456
410 406 873
344 472 608
273 2 895
44 231 714
325 207 666
59 473 176
201 331 236
329 58 523
319 68 863
113 274 343
29 260 472
35 254 673
228 61 756
331 85 23
22 394 268
26 476 93
439 347 955
82 163 160
15 230 234
470 210 510
427 253 190
125 14 557
261 135 61
199 197 437
6 260 582
178 88 994
19 48 754
481 384 4
160 164 296
230 351 944
251 330 590
398 82 970
61 419 746
41 439 316
14 209 235
101 388 787
17 492 396
16 48 206
196 125 369
267 6 535
2 271 45
129 144 593
493 448 46
40 360 467
24 61 169
191 408 178
55 89 929
150 251 71
119 82 430
1 200 994
107 351 62
424 14 179
56 382 162
453 109 704
70 492 804
219 86 230
4 431 546
27 467 717
450 328 778
96 141 795
43 274 528
3 479 840
342 403 536
5 199 499
153 51 826
323 117 561
45 395 792
176 264 839
108 275 589
91 419 526
436 358 89
159 94 616
357 440 501
73 183 984
7 122 339
36 350 108
354 257 293
339 272 923
294 317 227
42 28 682
257 327 77
110 450 623
105 201 514
57 249 458
9 43 189
181 385 132
21 387 258
183 482 278
20 265 621
499 43 81
477 65 953
395 147 534
145 397 126
8 23 569
89 255 479
193 151 121
428 203 802
211 420 577
52 38 822
10 476 366
28 70 409
281 331 272
197 415 329
243 369 353
466 427 331
272 80 879
25 327 28
227 125 460
74 467 782
399 302 840
38 122 560
11 22 766
162 385 925
58 34 158
92 49 994
13 128 405
391 260 183
30 80 37
114 472 737
202 384 443
31 14 552
238 64 766
33 421 0
34 81 365
49 66 925
148 481 291
46 213 846
155 104 229
475 41 750
315 201 607
253 263 609
37 435 796
266 292 517
81 477 461
412 306 781
48 129 264
347 480 698
345 482 985
47 239 143
50 456 373
51 381 590
458 461 532
90 288 928
171 207 876
53 198 63
128 440 859
130 390 661
152 368 190
131 45 953
446 106 687
133 419 792
134 419 980
135 236 116
235 136 598
136 106 215
392 488 328
137 202 755
156 183 871
216 380 214
138 321 853
373 240 674
139 474 573
164 20 880
375 66 204
140 301 370
215 226 723
473 386 59
142 176 335
225 93 852
275 295 638
143 427 409
459 479 166
351 46 856
146 251 511
483 393 99
149 186 774
151 49 273
158 299 777
154 301 106
157 78 456
474 498 630
411 20 997
165 266 298
425 263 99
111 36 976
190 498 64
380 147 762
166 361 44
175 95 780
195 75 638
167 21 680
169 177 281
367 198 838
170 395 836
340 75 700
172 243 156
221 194 154
173 238 803
224 187 801
277 467 849
174 29 533
464 283 105
449 298 835
177 29 593
180 213 753
471 179 825
217 433 923
182 38 79
185 77 631
416 89 83
414 91 181
363 142 771
187 318 362
388 17 577
188 217 912
437 60 510
368 129 288
332 165 679
288 209 97
189 308 73
438 417 892
194 120 22
289 282 507
212 359 164
198 416 763
200 87 616
497 64 453
203 358 555
405 370 733
204 30 840
244 247 257
206 22 374
245 240 829
350 125 200
207 268 145
498 464 492
209 212 908
210 209 312
240 436 26
213 127 507
236 104 591
214 16 724
218 313 276
306 147 862
223 230 709
372 168 750
229 311 918
231 218 484
232 344 622
233 97 176
239 91 68
360 157 286
234 283 302
109 72 124
241 481 281
248 217 468
258 34 930
242 50 493
246 480 17
456 181 53
247 390 90
249 44 30
250 88 660
401 194 215
255 340 660
303 396 440
254 445 430
256 87 425
