13 149 12
0 52 87 130 141 176 173 197 88 187 160 122 60 44 134 126 186 127 35 31 44 183 96 39 70 64 47 187 36 74 100 92 189 108 82 70 161 117 104 26 139 24 9 91 67 118 74 156 50 99 170 106 60 143 73 20 36 132 101 196 7 23 90 79 197 111 83 151 148 19 62 74 70 167 158 123 74 14 160 44 30 171 66 55 188 84 147 131 76 11 32 149 74 13 178 124 117 131 187 160 53 32 106 182 191 168 1 61 93 40 70 171 76 88 115 161 6 118 152 191 149 174 126 172 103 65 86 126 135 18 55 179 82 67 171 59 167 6 192 146 69 152 180 48 94 31 34 100 115 38 191 156 29 11 82 100 81 151 161 49 86 105 
52 0 194 174 120 146 174 45 97 22 21 184 10 120 97 56 196 37 29 10 79 107 75 183 121 11 167 40 152 81 182 184 93 175 104 96 5 1 42 114 72 37 140 63 50 163 133 100 6 107 166 19 126 18 100 110 107 119 133 136 2 66 133 47 43 40 120 181 93 102 174 199 136 57 44 179 128 170 52 181 41 177 66 54 187 119 10 9 38 175 176 176 62 145 167 180 97 133 128 144 132 153 72 22 116 55 7 81 111 3 117 148 31 63 109 53 62 136 145 9 162 93 175 55 66 93 67 101 68 34 164 84 129 84 43 153 34 157 145 186 112 150 17 111 175 172 173 70 160 191 18 149 71 142 149 149 133 113 88 128 52 196 
87 194 0 80 181 62 78 77 173 103 197 44 63 154 33 180 5 187 30 178 173 1 27 43 75 102 182 88 84 34 69 153 127 136 33 97 184 197 179 147 61 78 102 14 22 104 99 24 181 150 41 54 35 52 72 24 8 192 176 119 69 168 107 61 7 174 147 37 39 130 119 70 73 182 95 70 184 58 173 84 61 164 135 31 180 13 170 39 124 172 51 19 71 117 163 190 119 28 135 180 159 83 48 145 20 181 185 18 130 102 34 102 142 78 109 70 107 84 156 16 119 192 30 87 89 81 89 194 52 151 75 174 93 63 5 132 131 117 169 56 38 187 151 40 72 97 150 46 16 142 113 25 119 86 191 141 196 54 78 187 78 5 
130 174 80 0 75 14 34 64 48 82 56 102 191 82 11 49 73 196 117 51 62 18 96 170 2 62 34 46 24 7 50 63 72 107 135 103 157 22 29 165 176 92 16 117 2 199 62 29 44 25 9 193 145 40 171 101 5 181 194 51 173 28 115 93 175 162 197 104 120 126 105 104 73 150 81 155 175 53 125 182 90 43 98 148 93 123 122 100 182 63 57 36 21 13 71 56 158 51 120 163 167 193 193 21 184 187 82 38 150 22 134 23 49 164 179 155 44 82 5 100 63 97 22 96 194 78 76 172 100 22 76 38 88 190 162 150 158 121 35 8 73 157 80 188 147 132 163 192 100 30 109 156 31 5 159 116 83 136 93 139 182 49 
141 120 181 75 0 51 138 163 161 105 183 11 132 10 199 88 1 150 185 1 12 102 58 91 54 157 83 101 156 24 43 52 194 88 182 94 22 97 37 95 13 80 196 92 58 145 103 28 58 92 178 172 127 111 29 170 158 52 192 95 51 78 21 163 128 65 74 191 26 176 3 147 23 58 114 47 13 145 76 195 63 182 183 154 68 19 145 30 73 151 169 103 58 175 188 166 125 86 35 86 29 34 140 195 128 158 92 21 170 3 12 76 93 174 110 114 125 102 110 182 132 31 100 143 180 69 175 7 142 138 169 6 70 162 168 155 179 168 151 88 128 81 155 21 7 43 183 46 127 188 105 192 96 170 6 191 4 177 1 164 18 186 
176 146 62 14 51 0 43 94 14 78 183 21 7 49 97 63 151 182 10 74 36 137 181 129 98 166 85 78 80 161 52 33 43 63 170 1 166 149 11 2 160 115 168 26 123 126 82 174 27 60 22 91 30 6 29 41 176 41 62 182 126 157 67 16 81 11 3 165 197 71 131 120 127 62 48 104 188 175 88 80 181 152 174 58 101 146 12 140 136 30 104 197 166 51 66 7 51 79 138 184 107 173 154 171 61 87 77 180 133 76 145 49 129 129 50 184 59 21 118 3 195 121 97 105 191 67 194 66 25 17 144 192 137 138 158 82 161 112 147 81 196 76 33 147 95 175 59 75 193 107 116 106 108 56 45 177 196 36 144 70 83 139 
173 174 78 34 138 43 0 44 24 143 69 128 4 7 55 23 105 164 128 148 43 191 170 155 150 129 31 185 6 191 79 186 172 16 195 84 194 159 36 164 199 73 188 59 126 105 199 48 142 79 151 44 40 182 178 23 19 103 69 62 17 87 124 113 66 125 60 8 155 58 39 144 112 115 198 29 5 127 31 139 183 2 50 132 82 182 156 160 50 149 16 23 156 101 59 124 65 196 30 25 43 78 184 149 90 197 20 93 68 90 175 128 185 49 190 162 73 155 64 20 10 189 25 164 26 195 77 131 136 100 76 43 13 15 163 16 115 158 90 87 67 169 31 153 10 123 44 29 146 149 194 149 12 99 23 130 43 193 170 186 27 149 
197 45 77 64 163 94 44 0 1 78 15 150 175 161 145 148 76 129 167 100 149 68 194 189 114 135 94 36 90 23 59 6 92 67 59 50 80 113 85 199 33 131 189 77 15 171 140 75 74 39 4 123 45 191 56 157 148 45 3 151 140 179 106 128 144 129 146 38 162 86 181 146 168 130 192 165 197 113 158 100 25 121 195 27 160 51 23 164 173 126 139 168 190 117 77 115 31 17 155 14 92 188 7 102 23 197 46 144 146 97 144 192 15 199 175 84 138 72 157 34 136 31 144 76 125 105 177 76 109 79 119 37 54 175 53 86 75 164 126 43 11 122 64 72 65 67 79 34 145 19 64 140 125 134 130 60 45 34 93 145 113 188 
88 97 173 48 161 14 24 1 0 52 178 133 7 72 99 170 115 113 90 169 46 72 78 117 170 20 112 177 114 146 165 18 44 107 20 91 80 15 14 133 13 140 43 18 20 7 58 170 93 152 99 167 12 94 166 67 154 142 125 54 168 120 95 53 57 82 109 127 196 191 42 103 103 164 79 24 37 110 145 98 27 181 126 129 154 52 66 72 193 182 137 146 100 186 51 62 68 125 79 90 107 165 119 57 136 70 132 158 66 78 186 28 143 8 49 149 50 122 80 105 184 51 5 194 130 113 102 186 163 182 128 131 161 190 169 13 88 58 10 189 25 61 137 23 99 82 165 133 137 124 197 132 9 191 100 11 51 118 21 21 48 193 
187 22 103 82 105 78 143 78 52 0 15 189 28 40 54 169 121 31 101 97 63 111 65 120 11 71 198 31 29 7 117 155 53 106 53 197 28 110 33 170 146 51 161 94 85 67 100 17 69 73 197 106 180 88 109 172 22 139 65 132 56 51 170 34 101 117 11 34 19 193 49 79 145 31 23 116 163 158 128 68 194 180 37 173 122 59 155 108 68 171 103 171 24 172 160 176 145 179 160 188 137 83 162 191 168 36 86 5 86 78 179 60 92 15 4 171 59 168 4 87 165 55 112 60 155 35 107 117 165 180 146 123 153 189 34 166 9 116 136 147 99 168 111 71 121 53 26 166 6 68 90 25 151 161 4 166 39 36 181 80 122 190 
160 21 197 56 183 183 69 15 178 15 0 151 157 59 122 75 23 71 106 152 105 186 76 25 132 51 69 4 164 116 119 16 57 169 108 66 186 170 189 92 89 127 168 149 16 147 98 37 15 184 66 137 18 162 93 87 96 90 110 87 119 116 86 13 68 11 27 152 112 25 193 56 3 184 196 80 102 24 126 115 194 142 196 146 123 83 168 170 151 148 168 134 194 135 40 15 186 55 27 193 22 22 129 62 138 142 182 151 82 117 151 34 105 155 175 124 155 12 194 175 50 95 2 28 67 113 37 143 189 192 42 188 144 54 78 51 157 199 31 136 64 104 19 84 64 120 161 7 24 57 6 173 178 142 157 92 72 57 112 32 102 60 
122 184 44 102 11 21 128 150 133 189 151 0 39 171 19 188 37 185 28 43 46 155 75 71 158 182 68 159 124 127 111 49 52 87 130 165 55 176 145 9 11 35 112 8 179 12 31 163 40 85 70 131 57 182 99 181 162 39 56 131 160 54 109 21 140 139 102 27 42 126 70 9 40 127 176 48 67 99 169 4 39 168 64 145 173 53 167 74 168 40 56 134 95 145 194 20 97 69 154 154 177 48 127 165 63 159 124 93 43 59 112 49 96 81 110 153 57 66 186 49 109 137 20 84 135 175 175 157 43 83 84 97 47 168 149 101 95 113 123 150 25 89 25 143 44 125 188 185 71 62 94 174 87 196 35 175 18 87 76 97 70 33 
60 10 63 191 132 7 4 175 7 28 157 39 0 49 186 33 171 175 140 82 70 118 153 55 81 112 3 52 129 121 92 93 125 191 23 90 135 55 75 10 42 33 49 77 30 75 112 9 153 8 4 69 147 69 57 179 62 88 7 97 49 101 126 35 17 37 150 46 157 137 189 167 109 185 159 135 158 74 191 172 194 85 199 144 108 7 49 101 178 23 184 176 163 80 166 135 146 162 198 108 156 53 29 145 151 20 74 58 44 156 106 104 8 161 136 193 166 41 43 16 172 26 166 64 121 155 127 88 66 84 170 88 122 189 184 123 33 178 83 26 138 61 169 125 60 78 100 151 49 90 54 179 197 49 83 171 60 82 45 47 16 198 
44 120 154 82 10 49 7 161 72 40 59 171 49 0 128 181 135 29 50 56 187 120 160 184 18 177 41 6 24 81 10 52 180 132 25 105 58 65 145 57 193 186 109 94 169 71 189 88 188 140 58 16 182 48 24 148 167 130 178 155 152 162 177 149 86 114 154 51 159 22 99 47 188 169 47 113 136 147 26 157 142 62 86 149 38 62 178 121 105 143 142 168 45 49 88 45 100 168 59 183 180 116 152 52 165 87 173 123 149 24 3 48 192 175 100 158 163 78 194 122 47 98 32 70 124 158 149 38 110 126 185 143 88 85 124 114 43 187 79 161 44 61 65 104 124 25 21 135 196 16 56 152 178 3 91 111 11 139 78 20 64 199 
134 97 33 11 199 97 55 145 99 54 122 19 186 128 0 152 105 49 57 134 17 144 25 80 187 50 94 79 67 196 186 14 22 133 147 149 154 149 194 132 36 159 136 72 191 85 54 175 66 109 124 40 184 109 77 174 187 81 102 72 101 53 34 41 135 70 47 26 166 41 102 181 60 198 139 6 146 58 133 110 43 194 92 82 191 121 93 81 72 105 184 11 186 188 196 58 39 4 87 97 193 149 128 88 86 198 190 11 188 106 134 131 92 181 180 165 109 128 70 95 148 128 132 186 20 30 160 73 37 111 129 13 143 177 197 132 69 59 49 147 99 90 136 121 70 62 142 86 169 112 152 123 112 184 139 152 198 191 190 178 107 191 
126 56 180 49 88 63 23 148 170 169 75 188 33 181 152 0 24 61 102 7 48 55 60 56 61 61 186 83 143 33 43 71 155 173 42 38 145 56 58 22 44 154 138 104 43 73 58 59 14 80 85 172 106 57 135 13 11 87 35 27 43 30 98 36 96 144 150 199 80 30 28 31 130 127 108 163 196 110 38 72 113 46 163 45 105 5 177 118 23 175 128 87 4 101 157 115 7 179 180 54 16 46 38 168 160 70 176 77 116 169 82 60 173 146 97 78 117 67 42 145 179 164 107 8 74 106 107 89 104 20 190 73 27 141 79 17 52 191 28 51 82 17 177 128 96 87 151 58 8 123 199 54 40 6 27 40 95 166 31 82 182 127 
186 196 5 73 1 151 105 76 115 121 23 37 171 135 105 24 0 140 87 111 13 2 81 99 199 193 119 26 173 193 77 42 182 184 111 48 67 170 1 147 68 78 128 110 104 153 180 161 32 119 152 197 38 102 171 186 6 159 163 12 107 159 180 6 14 126 13 48 30 68 123 180 130 6 47 182 90 196 55 101 108 5 53 49 9 84 152 34 101 72 142 17 125 113 93 87 173 62 63 36 61 134 194 92 79 44 143 95 73 142 8 188 35 63 159 186 1 177 136 50 74 194 107 5 70 44 84 86 164 183 113 75 137 107 63 56 121 45 97 14 76 60 150 51 93 153 122 46 53 87 169 190 54 155 58 111 197 141 192 56 54 93 
127 37 187 196 150 182 164 129 113 31 71 185 175 29 49 61 140 0 21 27 146 49 189 126 143 68 16 7 140 34 98 174 44 122 32 123 148 162 93 35 42 94 84 2 48 159 169 54 196 117 116 189 161 27 15 68 190 61 74 112 165 83 106 132 128 166 114 49 27 13 15 15 47 192 12 140 5 106 143 139 74 81 165 44 1 110 132 42 160 66 157 167 8 167 128 124 191 17 196 136 24 32 176 4 18 4 171 166 188 156 41 28 34 132 86 145 81 128 164 67 199 149 39 57 8 178 114 136 168 184 165 94 59 1 86 182 49 163 173 36 20 50 4 53 72 66 54 80 62 148 26 172 174 181 16 199 96 146 95 7 14 2 
35 29 30 117 185 10 128 167 90 101 106 28 140 50 57 102 87 21 0 92 182 125 25 159 176 104 152 95 109 14 112 138 79 112 116 158 135 181 177 6 147 135 50 69 43 116 71 199 78 147 91 158 51 21 182 189 186 1 41 39 150 74 43 195 73 197 41 120 136 65 82 56 185 117 28 179 39 141 96 60 117 164 168 141 119 94 83 6 182 83 165 137 149 40 62 20 186 42 9 155 152 124 67 153 95 72 115 86 193 79 72 174 149 110 177 183 17 22 186 122 162 97 138 61 115 2 15 141 71 152 108 53 114 155 44 86 166 37 41 6 17 157 130 171 36 187 41 111 190 28 102 106 157 150 130 106 93 135 43 198 58 18 
31 10 178 51 1 74 148 100 169 97 152 43 82 56 134 7 111 27 92 0 96 38 75 39 37 125 72 155 132 130 64 168 64 122 122 146 140 43 135 159 1 184 116 66 60 54 185 66 60 130 193 45 112 69 18 176 1 190 101 97 3 17 110 159 114 133 59 80 85 31 59 96 70 176 102 183 66 97 83 138 146 104 35 137 74 64 9 161 159 196 153 191 112 83 14 96 39 45 116 24 159 174 43 1 121 141 32 140 76 194 60 92 152 135 79 13 169 99 188 25 38 198 23 141 95 185 119 108 153 156 190 177 144 171 70 140 45 32 97 118 190 21 114 191 114 59 96 59 186 32 164 6 146 104 197 34 184 84 85 27 10 195 
44 79 173 62 12 36 43 149 46 63 105 46 70 187 17 48 13 146 182 96 0 126 190 127 176 25 16 162 66 138 51 52 72 14 187 79 104 97 38 170 198 116 14 72 135 116 168 70 12 60 40 24 77 188 43 182 121 169 25 160 98 42 153 141 2 69 46 85 99 192 28 60 87 141 158 42 147 116 43 117 34 5 80 174 144 155 82 198 101 7 167 168 115 130 163 22 74 10 120 123 99 109 178 143 165 102 194 4 37 83 111 40 188 155 141 167 75 132 90 167 62 125 132 182 128 132 131 99 174 74 56 61 197 37 198 99 86 92 111 191 196 104 91 75 133 195 169 6 126 23 16 192 141 198 154 96 136 97 186 67 187 5 
183 107 1 18 102 137 191 68 72 111 186 155 118 120 144 55 2 49 125 38 126 0 12 67 191 8 17 38 171 115 7 84 41 27 125 60 128 40 117 172 100 50 140 1 103 22 197 121 71 96 138 81 173 122 148 87 146 96 78 127 152 101 6 129 30 155 142 56 161 12 37 179 52 43 151 145 115 129 103 125 156 56 164 30 171 131 185 64 188 145 88 197 120 130 31 44 153 58 27 128 79 179 49 49 6 102 118 20 100 67 81 33 137 27 96 46 157 150 185 111 177 47 134 26 142 62 61 71 38 59 54 153 70 102 135 138 178 123 154 63 57 85 52 98 127 88 118 188 12 165 32 149 46 19 173 146 1 100 80 12 103 108 
96 75 27 96 58 181 170 194 78 65 76 75 153 160 25 60 81 189 25 75 190 12 0 95 144 142 102 79 37 139 28 1 160 66 91 181 6 62 69 40 67 161 59 170 44 128 98 108 160 59 25 37 62 185 147 60 168 38 190 40 147 46 76 68 195 166 93 108 91 11 79 87 69 130 133 2 98 113 159 151 58 139 32 138 68 67 164 134 180 15 79 177 18 142 143 134 45 27 112 159 158 65 182 30 69 107 168 194 114 149 16 47 55 170 110 26 195 193 95 105 195 67 136 71 189 100 108 89 129 170 71 105 132 24 87 26 194 26 11 114 33 102 193 87 132 37 56 84 169 181 82 19 127 77 140 107 68 37 172 6 58 119 
39 183 43 170 91 129 155 189 117 120 25 71 55 184 80 56 99 126 159 39 127 67 95 0 61 194 171 144 60 172 6 49 75 43 76 128 77 162 128 8 6 160 127 58 102 4 54 15 58 77 87 96 148 64 33 22 153 22 23 55 88 128 87 6 155 193 120 130 85 11 25 186 44 2 156 81 186 129 161 26 104 190 55 50 196 121 145 133 149 61 172 55 118 154 167 199 127 61 79 67 82 113 98 128 12 10 21 100 61 108 50 193 196 62 12 112 86 168 109 26 194 190 155 14 195 178 112 53 121 34 146 66 76 77 5 119 179 83 168 184 15 2 38 7 167 14 57 14 3 6 178 148 57 151 109 192 84 30 94 69 25 164 
70 121 75 2 54 98 150 114 170 11 132 158 81 18 187 61 199 143 176 37 176 191 144 61 0 15 141 28 73 162 127 34 133 42 139 11 19 76 60 103 180 46 187 18 53 128 79 41 125 50 118 105 178 116 155 193 23 145 150 168 54 132 85 63 171 83 54 152 19 170 109 123 28 88 171 62 11 18 142 142 41 66 100 186 12 99 167 150 54 171 88 123 46 55 72 83 40 18 13 53 104 86 77 187 16 185 72 25 128 104 115 142 162 196 78 7 20 40 131 191 35 130 143 197 145 112 43 160 46 179 106 121 140 160 93 160 77 191 52 70 42 141 117 74 85 85 198 31 109 56 156 51 165 155 164 43 99 105 101 109 106 189 
64 11 102 62 157 166 129 135 20 71 51 182 112 177 50 61 193 68 104 125 25 8 142 194 15 0 140 110 110 25 184 178 29 97 194 137 125 28 1 10 44 23 110 171 84 144 127 100 58 140 19 95 41 163 89 194 138 14 56 56 97 105 44 99 2 30 93 188 199 193 37 2 180 50 143 104 165 165 163 95 74 145 114 124 66 50 184 124 60 30 8 132 50 184 199 148 129 168 2 23 86 3 161 149 7 107 140 116 180 83 29 44 145 86 179 140 101 20 157 58 72 29 85 152 7 137 119 198 129 122 9 67 66 192 168 158 13 95 9 101 181 91 28 92 44 50 72 119 147 108 148 128 44 88 146 198 68 91 93 97 52 4 
47 167 182 34 83 85 31 94 112 198 69 68 3 41 94 186 119 16 152 72 16 17 102 171 141 140 0 128 33 102 198 141 150 96 159 192 60 192 93 47 150 128 4 65 72 162 177 16 96 40 1 189 21 168 137 161 85 75 31 26 98 18 46 112 169 57 166 63 89 84 167 27 31 16 37 164 180 9 7 117 198 147 82 91 118 135 134 43 57 170 91 81 174 111 91 51 189 120 185 71 36 112 8 1 129 20 26 130 126 125 108 78 102 137 119 167 5 165 111 196 69 159 103 18 32 69 6 177 127 5 116 176 15 68 136 99 139 125 42 181 16 189 124 30 133 11 142 66 136 93 147 160 33 198 78 113 154 85 188 141 94 89 
187 40 88 46 101 78 185 36 177 31 4 159 52 6 79 83 26 7 95 155 162 38 79 144 28 110 128 0 13 22 12 128 100 175 59 159 89 193 55 84 150 91 170 10 120 75 79 193 188 60 66 89 72 85 147 159 39 20 123 22 190 78 170 167 103 192 161 124 192 145 5 114 91 131 137 108 187 177 108 131 38 111 179 156 24 8 40 17 166 140 34 197 62 102 146 142 106 68 51 78 94 31 70 174 96 101 62 94 81 26 118 135 194 50 78 3 193 78 60 142 153 6 187 120 20 102 114 17 166 24 47 29 128 60 165 31 48 166 56 26 63 176 1 132 25 165 117 65 147 78 155 19 122 61 133 97 2 185 194 5 168 83 
36 152 84 24 156 80 6 90 114 29 164 124 129 24 67 143 173 140 109 132 66 171 37 60 73 110 33 13 0 103 108 44 124 177 13 118 170 197 10 44 135 160 56 12 163 41 132 1 155 115 195 66 118 6 74 107 43 161 197 163 120 28 40 173 115 67 41 188 15 3 99 118 4 88 60 167 5 31 114 68 103 167 108 170 74 103 185 195 83 195 106 81 49 104 100 126 147 121 149 92 12 55 137 100 149 144 176 72 81 126 60 90 58 193 105 51 117 155 137 105 148 64 170 173 132 103 8 4 42 10 26 174 194 76 114 103 109 22 64 20 140 60 116 131 18 41 142 167 106 3 191 164 29 147 1 112 43 148 161 32 46 31 
74 81 34 7 24 161 191 23 146 7 116 127 121 81 196 33 193 34 14 130 138 115 139 172 162 25 102 22 103 0 9 39 94 125 131 194 164 196 157 187 21 102 114 154 46 196 52 83 151 179 67 2 190 18 163 105 152 87 190 107 149 113 106 151 96 18 117 187 91 72 136 39 52 10 188 153 22 96 60 74 28 26 159 16 67 77 154 18 25 126 160 148 85 43 154 168 181 194 105 60 92 62 197 37 19 22 136 197 77 171 119 94 196 40 26 186 90 139 101 54 170 97 130 153 84 190 157 123 20 43 6 73 120 81 152 54 83 33 24 59 55 142 113 91 186 68 125 185 85 153 153 20 133 147 113 75 164 66 188 145 158 75 
100 182 69 50 43 52 79 59 165 117 119 111 92 10 186 43 77 98 112 64 51 7 28 6 127 184 198 12 108 9 0 88 28 135 90 82 6 9 162 182 105 64 161 179 1 143 71 36 98 159 183 153 48 177 165 25 185 11 38 11 170 166 37 159 66 164 3 159 84 56 167 70 178 54 113 15 183 50 109 129 12 42 137 63 32 84 102 80 17 104 54 7 178 68 90 67 86 22 7 24 113 165 90 166 79 8 63 134 194 183 24 102 55 81 104 159 97 162 103 140 75 98 143 146 111 81 1 163 171 77 80 85 136 194 155 56 60 180 165 16 72 197 80 47 94 142 43 116 48 49 112 183 94 156 47 162 101 5 69 20 21 149 
92 184 153 63 52 33 186 6 18 155 16 49 93 52 14 71 42 174 138 168 52 84 1 49 34 178 141 128 44 39 88 0 54 81 160 14 22 2 127 161 100 162 10 115 30 167 194 26 182 180 50 23 8 131 161 58 119 152 178 77 66 117 71 189 79 117 43 186 8 112 133 175 50 10 3 102 68 18 48 196 121 74 162 6 171 6 152 87 45 117 11 181 179 159 12 113 170 167 97 112 169 16 84 100 174 161 14 179 84 159 49 154 97 11 30 151 116 2 17 87 127 176 98 162 36 130 154 58 159 78 18 9 117 8 101 196 157 146 114 138 159 99 116 94 90 125 168 88 154 71 20 52 165 12 175 134 71 57 74 72 181 69 
189 93 127 72 194 43 172 92 44 53 57 52 125 180 22 155 182 44 79 64 72 41 160 75 133 29 150 100 124 94 28 54 0 195 132 147 132 182 35 112 14 175 127 147 10 116 63 115 125 154 140 15 61 32 141 107 142 50 23 96 41 47 189 59 180 51 139 116 167 140 74 147 158 183 47 113 86 189 104 15 181 190 82 97 187 109 158 122 58 150 185 175 138 4 131 114 192 77 98 36 82 119 161 107 150 192 51 51 128 37 180 112 5 7 175 186 112 5 20 106 152 14 174 99 26 148 165 73 175 138 174 94 27 3 111 181 147 75 87 161 131 187 164 82 105 80 165 8 150 14 96 102 52 172 76 59 29 68 36 18 92 58 
108 175 136 107 88 63 16 67 107 106 169 87 191 132 133 173 184 122 112 122 14 27 66 43 42 97 96 175 177 125 135 81 195 0 145 198 3 132 105 120 39 174 142 164 127 132 78 87 67 82 31 157 196 126 28 21 135 126 42 102 1 82 107 122 115 86 135 185 20 183 49 8 103 72 184 87 105 22 46 60 64 60 84 169 95 175 139 65 120 61 129 155 55 33 54 124 39 142 10 41 177 177 19 122 179 20 109 8 121 137 41 149 116 100 154 117 40 112 101 14 70 4 115 95 142 175 73 44 179 125 12 146 156 145 65 3 88 73 57 119 149 45 149 44 28 192 134 101 125 150 41 190 150 89 32 90 183 189 4 197 149 23 
82 104 33 135 182 170 195 59 20 53 108 130 23 25 147 42 111 32 116 122 187 125 91 76 139 194 159 59 13 131 90 160 132 145 0 75 103 196 102 139 113 19 199 24 51 19 77 155 130 47 187 52 188 139 145 153 47 101 52 104 196 101 58 189 86 30 186 115 90 73 193 62 116 111 73 170 28 4 71 43 59 110 110 187 132 12 136 199 171 85 74 167 197 30 37 19 26 109 127 34 115 177 129 122 185 92 149 78 95 150 175 23 165 53 156 141 48 199 8 118 97 79 2 188 96 2 75 82 2 34 187 4 106 128 27 198 34 122 130 157 160 71 96 81 48 40 58 92 18 40 199 44 132 115 12 117 100 124 183 142 65 35 
70 96 97 103 94 1 84 50 91 197 66 165 90 105 149 38 48 123 158 146 79 60 181 128 11 137 192 159 118 194 82 14 147 198 75 0 77 74 16 52 19 151 82 153 171 51 92 75 24 164 71 108 196 161 42 111 56 174 139 69 61 187 115 126 12 118 93 81 133 95 60 167 97 52 177 61 197 145 125 67 52 118 153 134 141 70 145 105 30 71 132 125 163 81 150 176 10 177 57 45 51 29 165 105 52 87 25 162 5 111 104 45 95 41 80 64 171 182 132 113 4 104 154 145 22 64 125 178 2 6 150 119 99 9 144 25 1 91 143 199 13 83 30 170 5 105 72 80 37 18 86 20 16 146 85 40 111 56 151 70 65 48 
161 5 184 157 22 166 194 80 80 28 186 55 135 58 154 145 67 148 135 140 104 128 6 77 19 125 60 89 170 164 6 22 132 3 103 77 0 181 107 197 42 73 47 53 184 27 60 62 18 93 164 53 109 18 77 161 98 32 115 13 87 26 80 170 71 19 114 27 121 12 195 130 59 9 150 37 155 72 95 86 156 87 84 138 77 132 25 96 112 89 191 161 188 165 48 41 10 10 41 32 149 9 2 19 68 127 139 94 138 72 125 43 5 158 162 193 78 124 55 74 112 49 187 42 138 191 111 131 154 1 143 93 188 182 152 149 181 107 92 148 4 77 184 169 36 44 74 124 171 104 58 36 4 81 16 123 123 26 114 56 67 186 
117 1 197 22 97 149 159 113 15 110 170 176 55 65 149 56 170 162 181 43 97 40 62 162 76 28 192 193 197 196 9 2 182 132 196 74 181 0 59 163 161 100 125 52 120 13 125 1 12 31 127 128 165 79 178 160 177 109 58 163 42 93 193 86 197 190 163 167 97 46 3 95 47 134 63 95 50 174 66 80 54 115 1 32 169 122 159 94 175 194 80 104 150 24 80 86 31 44 59 120 126 195 176 169 50 46 79 66 62 169 108 108 154 22 57 88 63 25 76 38 37 114 124 133 55 137 94 183 145 149 157 108 175 25 69 86 154 128 6 165 107 128 88 52 49 6 147 193 194 72 7 13 182 179 41 72 196 71 170 124 185 41 
104 42 179 29 37 11 36 85 14 33 189 145 75 145 194 58 1 93 177 135 38 117 69 128 60 1 93 55 10 157 162 127 35 105 102 16 107 59 0 19 116 189 136 29 163 135 127 112 101 4 194 99 184 189 46 190 199 137 118 58 150 142 18 162 112 153 114 121 24 25 126 113 27 55 87 132 47 47 91 21 101 97 192 198 147 196 80 138 197 105 159 28 167 166 188 48 90 80 7 173 75 40 162 118 63 17 49 160 165 27 156 143 177 49 99 14 191 91 72 150 123 74 142 157 139 142 135 92 104 51 125 40 10 119 129 178 108 174 72 35 26 71 50 169 66 199 67 65 189 130 14 37 93 68 113 61 176 97 126 34 190 2 
26 114 147 165 95 2 164 199 133 170 92 9 10 57 132 22 147 35 6 159 170 172 40 8 103 10 47 84 44 187 182 161 112 120 139 52 197 163 19 0 23 130 121 73 85 119 171 169 174 63 61 195 26 15 4 157 23 122 113 47 97 173 57 144 78 179 120 18 86 108 102 122 179 97 112 153 174 48 80 77 18 180 110 108 89 6 153 132 43 177 122 50 167 182 69 11 73 103 54 44 9 173 13 33 77 27 13 16 118 77 148 121 17 7 86 79 135 58 162 34 124 20 52 44 61 182 24 22 159 88 142 84 37 183 131 169 74 40 24 120 90 149 5 84 26 28 8 14 186 26 183 78 156 65 31 24 170 198 93 87 5 123 
139 72 61 176 13 160 199 33 13 146 89 11 42 193 36 44 68 42 147 1 198 100 67 6 180 44 150 150 135 21 105 100 14 39 113 19 42 161 116 23 0 65 197 186 83 197 157 86 10 73 163 188 46 84 160 128 142 53 193 89 83 24 115 127 178 173 144 180 106 115 148 98 152 191 139 169 61 83 168 130 67 164 41 191 189 124 52 73 117 193 32 122 14 135 91 150 63 92 32 77 49 38 165 72 198 183 6 182 124 163 137 191 146 121 31 146 47 109 49 89 155 86 19 189 111 182 29 95 18 51 98 83 125 59 138 31 133 199 15 73 77 23 138 67 69 153 146 59 127 98 42 22 192 13 186 117 114 146 79 138 111 43 
24 37 78 92 80 115 73 131 140 51 127 35 33 186 159 154 78 94 135 184 116 50 161 160 46 23 128 91 160 102 64 162 175 174 19 151 73 100 189 130 65 0 181 134 161 111 34 39 17 173 174 141 163 56 183 162 136 112 29 128 75 112 127 33 196 75 62 174 162 122 19 94 8 141 93 95 117 6 177 149 56 192 182 147 104 190 75 80 189 79 69 180 111 171 91 95 56 99 33 172 168 96 96 193 36 45 123 45 24 122 15 197 23 71 115 88 161 61 18 172 188 179 24 17 125 135 130 157 65 54 41 103 78 138 182 44 109 64 71 195 122 117 1 9 40 194 132 58 36 25 135 124 119 106 177 84 192 136 140 111 182 190 
9 140 102 16 196 168 188 189 43 161 168 112 49 109 136 138 128 84 50 116 14 140 59 127 187 110 4 170 56 114 161 10 127 142 199 82 47 125 136 121 197 181 0 61 133 112 138 112 66 45 42 142 111 58 47 117 25 194 25 161 194 199 102 75 176 74 11 41 32 101 102 37 176 19 143 75 129 150 109 164 163 164 100 165 150 73 77 28 9 9 20 119 79 42 191 83 148 76 81 146 162 96 44 121 29 118 41 76 97 5 107 121 199 162 60 128 96 197 86 167 17 164 81 189 20 162 190 188 51 124 119 180 193 22 57 86 103 106 99 180 158 172 6 98 68 9 162 85 61 109 105 1 32 176 132 14 153 1 60 88 104 149 
91 63 14 117 92 26 59 77 18 94 149 8 77 94 72 104 110 2 69 66 72 1 170 58 18 171 65 10 12 154 179 115 147 164 24 153 53 52 29 73 186 134 61 0 115 173 78 16 173 23 179 193 39 56 6 43 86 143 129 18 146 94 16 135 193 195 165 44 1 182 32 41 187 34 194 75 21 141 165 45 135 97 32 189 67 100 14 25 75 19 192 163 136 74 173 98 32 149 64 54 42 123 103 10 166 17 151 98 20 84 143 13 26 11 97 83 68 119 135 29 96 148 13 165 143 126 194 102 47 105 22 184 166 178 125 69 194 121 160 69 134 185 2 67 99 145 42 63 42 178 79 12 62 129 19 94 192 40 33 196 45 125 
67 50 22 2 58 123 126 15 20 85 16 179 30 169 191 43 104 48 43 60 135 103 44 102 53 84 72 120 163 46 1 30 10 127 51 171 184 120 163 85 83 161 133 115 0 188 149 154 41 143 115 112 86 199 153 110 101 94 52 120 9 117 131 183 150 123 94 177 75 100 151 33 181 73 189 51 10 92 106 94 101 135 85 164 108 12 110 112 102 115 58 36 60 162 111 69 146 172 142 113 147 145 140 80 61 73 13 112 33 176 7 12 123 149 196 9 8 51 56 91 110 193 134 60 9 44 91 49 67 133 37 65 145 82 154 98 19 15 182 191 55 154 71 115 187 100 33 25 199 74 5 79 159 22 178 40 167 144 148 37 20 191 
118 163 104 199 145 126 105 171 7 67 147 12 75 71 85 73 153 159 116 54 116 22 128 4 128 144 162 75 41 196 143 167 116 132 19 51 27 13 135 119 197 111 112 173 188 0 69 162 189 114 124 177 74 171 115 125 121 197 191 28 62 50 126 35 6 85 140 16 32 20 195 194 19 141 135 92 5 115 20 101 145 37 61 121 193 74 170 118 146 158 173 128 114 154 41 81 103 68 61 154 175 30 198 129 58 102 157 92 168 94 40 178 129 92 65 96 92 72 167 192 149 154 159 185 120 155 60 167 25 57 79 166 185 66 42 153 138 73 75 39 49 161 76 179 35 78 126 93 72 106 189 170 45 32 44 27 104 35 51 121 133 81 
74 133 99 62 103 82 199 140 58 100 98 31 112 189 54 58 180 169 71 185 168 197 98 54 79 127 177 79 132 52 71 194 63 78 77 92 60 125 127 171 157 34 138 78 149 69 0 78 137 48 87 136 11 137 36 151 90 186 37 63 7 97 64 190 62 87 79 85 163 14 155 46 83 62 81 5 121 85 187 163 38 67 70 89 161 49 158 100 153 125 9 178 112 42 135 158 199 50 187 100 153 110 51 93 100 144 13 175 197 67 98 3 41 1 114 194 51 105 176 178 104 35 144 85 144 28 56 107 194 46 120 19 194 113 56 21 30 67 186 194 105 158 143 60 30 193 141 21 129 65 94 41 32 80 91 156 62 17 89 192 98 14 
156 100 24 29 28 174 48 75 170 17 37 163 9 88 175 59 161 54 199 66 70 121 108 15 41 100 16 193 1 83 36 26 115 87 155 75 62 1 112 169 86 39 112 16 154 162 78 0 97 183 67 135 185 190 3 148 61 158 169 192 59 145 88 87 170 68 105 15 91 142 95 79 142 168 177 36 110 48 113 60 13 196 177 158 11 8 51 37 66 108 102 167 183 192 141 67 71 98 183 139 123 196 80 162 169 178 62 180 51 199 147 139 70 53 131 132 77 78 60 12 145 150 106 145 187 110 125 22 187 9 92 16 12 181 162 28 148 162 34 128 130 130 11 137 68 182 196 199 72 72 92 7 139 56 178 151 106 94 3 129 184 159 
50 6 181 44 58 27 142 74 93 69 15 40 153 188 66 14 32 196 78 60 12 71 160 58 125 58 96 188 155 151 98 182 125 67 130 24 18 12 101 174 10 17 66 173 41 189 137 97 0 157 164 16 12 124 68 157 12 150 154 81 150 197 143 160 23 148 51 137 135 63 67 115 129 30 127 14 89 72 188 7 88 186 164 74 42 45 172 81 31 177 148 116 52 117 197 182 16 83 94 80 5 134 139 28 53 193 175 192 49 111 169 156 110 84 55 50 169 124 152 159 131 59 54 123 142 56 16 138 115 55 50 99 51 37 67 109 25 29 132 142 16 170 167 64 43 98 62 178 78 141 54 65 160 109 2 190 32 12 113 181 51 97 
99 107 150 25 92 60 79 39 152 73 184 85 8 140 109 80 119 117 147 130 60 96 59 77 50 140 40 60 115 179 159 180 154 82 47 164 93 31 4 63 73 173 45 23 143 114 48 183 157 0 36 103 131 106 96 154 30 2 158 101 133 165 84 155 15 28 68 12 30 109 73 77 159 124 1 118 181 125 41 78 9 188 62 109 89 59 68 95 135 89 23 61 38 117 192 183 75 73 15 54 80 72 1 30 140 59 108 97 156 42 8 130 129 82 127 74 55 170 195 114 171 129 169 23 140 48 137 104 128 46 184 188 55 172 15 54 126 193 164 170 112 169 125 61 34 190 171 104 62 71 84 94 45 85 66 123 67 86 62 52 119 134 
170 166 41 9 178 22 151 4 99 197 66 70 4 58 124 85 152 116 91 193 40 138 25 87 118 19 1 66 195 67 183 50 140 31 187 71 164 127 194 61 163 174 42 179 115 124 87 67 164 36 0 111 178 111 54 165 21 127 143 71 49 18 87 88 7 142 183 55 122 25 17 161 58 131 75 174 137 92 175 158 7 135 32 167 2 145 128 50 96 158 166 16 40 165 87 42 161 37 43 33 166 6 113 45 34 22 125 175 157 92 169 82 154 11 117 186 148 16 186 128 192 124 195 173 184 151 69 135 72 62 144 130 146 7 132 162 130 59 185 114 49 7 182 177 126 26 34 53 40 178 39 57 125 145 73 125 60 27 47 118 6 29 
106 19 54 193 172 91 44 123 167 106 137 131 69 16 40 172 197 189 158 45 24 81 37 96 105 95 189 89 66 2 153 23 15 157 52 108 53 128 99 195 188 141 142 193 112 177 136 135 16 103 111 0 114 9 42 142 86 195 126 147 172 38 128 84 103 19 24 12 81 145 12 25 103 11 79 94 54 173 150 32 69 170 55 45 190 32 61 83 48 199 61 171 109 31 151 49 16 33 104 113 40 173 182 55 93 101 63 31 98 155 122 80 110 24 131 46 191 170 21 32 88 182 59 131 195 49 95 94 60 51 48 29 115 166 107 165 5 43 113 165 139 191 78 95 193 7 152 83 21 136 188 190 160 162 48 58 149 155 193 156 136 59 
60 126 35 145 127 30 40 45 12 180 18 57 147 182 184 106 38 161 51 112 77 173 62 148 178 41 21 72 118 190 48 8 61 196 188 196 109 165 184 26 46 163 111 39 86 74 11 185 12 131 178 114 0 33 78 108 36 76 64 102 182 27 115 97 44 159 83 42 117 196 183 15 119 145 152 27 133 105 140 46 178 98 46 146 75 167 61 81 132 81 68 105 17 50 168 197 63 156 91 88 21 113 129 19 124 45 134 47 174 149 171 42 127 136 133 70 137 99 156 109 163 141 159 46 79 22 118 55 53 41 189 115 101 5 2 193 85 94 109 81 30 19 129 124 74 72 50 48 138 21 31 67 187 168 46 116 105 182 138 2 50 100 
143 18 52 40 111 6 182 191 94 88 162 182 69 48 109 57 102 27 21 69 188 122 185 64 116 163 168 85 6 18 177 131 32 126 139 161 18 79 189 15 84 56 58 56 199 171 137 190 124 106 111 9 33 0 116 102 148 39 47 109 108 39 126 127 155 179 14 111 51 148 65 116 10 75 29 111 2 158 11 181 118 147 151 179 184 98 148 103 87 40 176 97 94 197 138 16 186 57 114 18 88 121 5 138 113 163 72 142 85 138 195 81 121 143 152 199 28 148 53 193 150 173 168 136 72 31 168 48 120 157 27 119 171 101 184 23 191 54 185 125 186 75 138 143 144 131 40 18 66 194 179 124 122 127 13 132 60 106 116 92 157 123 
73 100 72 171 29 29 178 56 166 109 93 99 57 24 77 135 171 15 182 18 43 148 147 33 155 89 137 147 74 163 165 161 141 28 145 42 77 178 46 4 160 183 47 6 153 115 36 3 68 96 54 42 78 116 0 164 92 102 184 39 16 138 146 27 81 58 51 14 85 157 105 197 32 189 127 100 157 93 86 14 95 37 114 114 25 165 156 90 11 126 14 137 65 5 91 6 77 74 171 63 85 144 197 23 186 20 3 146 196 53 76 63 65 189 81 110 184 29 85 16 124 175 50 193 10 177 70 66 153 192 105 58 162 4 192 57 31 44 111 41 182 107 98 100 19 176 37 83 138 20 171 119 66 148 37 30 50 131 110 64 72 10 
20 110 24 101 170 41 23 157 67 172 87 181 179 148 174 13 186 68 189 176 182 87 60 22 193 194 161 159 107 105 25 58 107 21 153 111 161 160 190 157 128 162 117 43 110 125 151 148 157 154 165 142 108 102 164 0 81 71 24 182 196 128 184 98 198 81 80 99 161 124 196 39 32 14 63 84 144 148 17 2 171 56 66 180 142 8 132 155 184 168 119 20 88 95 183 44 105 47 3 163 167 70 174 31 105 87 71 154 81 119 8 131 167 68 131 197 58 163 161 44 173 42 7 155 165 91 148 136 118 99 31 66 141 126 93 36 88 43 5 189 6 28 138 19 139 26 10 94 186 50 52 143 163 53 177 139 193 129 122 51 161 11 
36 107 8 5 158 176 19 148 154 22 96 162 62 167 187 11 6 190 186 1 121 146 168 153 23 138 85 39 43 152 185 119 142 135 47 56 98 177 199 23 142 136 25 86 101 121 90 61 12 30 21 86 36 148 92 81 0 133 68 75 9 22 31 48 68 178 181 143 131 191 154 197 57 14 38 90 147 79 58 93 103 71 185 123 113 40 61 163 41 168 107 195 105 33 109 167 160 141 178 128 50 108 174 102 32 173 15 179 91 60 86 80 11 9 95 124 72 174 112 102 11 139 28 176 22 184 67 6 6 78 23 67 172 194 142 62 14 54 54 54 15 176 74 163 12 122 149 6 17 102 10 120 78 48 165 179 79 18 135 147 111 168 
132 119 192 181 52 41 103 45 142 139 90 39 88 130 81 87 159 61 1 190 169 96 38 22 145 14 75 20 161 87 11 152 50 126 101 174 32 109 137 122 53 112 194 143 94 197 186 158 150 2 127 195 76 39 102 71 133 0 114 62 138 87 85 129 113 172 62 71 119 106 153 148 135 155 26 74 75 22 109 68 38 136 181 198 148 130 178 76 146 126 150 83 44 194 41 173 73 32 133 155 26 187 52 154 127 11 79 148 97 181 83 175 102 169 129 87 168 110 100 187 141 186 125 63 131 192 74 106 170 111 76 14 69 38 92 1 43 92 55 92 48 176 163 135 161 135 175 74 11 5 56 175 65 155 52 135 188 9 138 16 103 111 
101 133 176 194 192 62 69 3 125 65 110 56 7 178 102 35 163 74 41 101 25 78 190 23 150 56 31 123 197 190 38 178 23 42 52 139 115 58 118 113 193 29 25 129 52 191 37 169 154 158 143 126 64 47 184 24 68 114 0 94 144 154 4 42 160 67 109 157 18 57 171 191 145 115 3 172 162 108 70 40 9 74 88 48 89 160 174 60 189 99 142 116 197 26 67 65 167 89 114 189 115 111 37 13 123 69 130 138 55 71 162 42 162 138 50 99 101 175 168 61 198 37 55 130 36 147 70 37 110 127 27 21 175 137 32 86 76 104 7 80 181 78 158 35 34 32 126 79 147 73 23 145 87 65 82 193 60 180 193 144 14 47 
196 136 119 51 95 182 62 151 54 132 87 131 97 155 72 27 12 112 39 97 160 127 40 55 168 56 26 22 163 107 11 77 96 102 104 69 13 163 58 47 89 128 161 18 120 28 63 192 81 101 71 147 102 109 39 182 75 62 94 0 55 147 10 60 85 36 98 120 164 113 32 175 30 86 93 31 136 129 63 40 100 78 139 176 185 62 87 115 32 182 168 11 58 189 129 12 89 83 171 159 49 114 157 183 99 19 93 139 88 98 103 158 187 86 92 100 189 182 50 24 103 117 166 79 13 195 165 136 172 81 147 150 128 195 4 85 145 106 30 152 87 11 67 156 168 80 112 83 183 1 67 115 136 64 25 113 65 100 17 114 79 152 
7 2 69 173 51 126 17 140 168 56 119 160 49 152 101 43 107 165 150 3 98 152 147 88 54 97 98 190 120 149 170 66 41 1 196 61 87 42 150 97 83 75 194 146 9 62 7 59 150 133 49 172 182 108 16 196 9 138 144 55 0 120 127 85 158 53 148 192 34 85 174 81 21 76 174 110 20 134 19 49 151 51 32 36 15 138 160 108 165 129 165 39 156 67 92 14 199 92 14 107 158 137 60 34 135 151 92 94 93 136 149 32 39 16 156 169 70 165 158 48 78 20 157 75 122 36 16 16 147 106 99 189 60 130 193 75 197 160 194 173 194 102 102 186 143 128 147 161 3 19 117 172 180 32 37 157 144 157 61 22 136 13 
23 66 168 28 78 157 87 179 120 51 116 54 101 162 53 30 159 83 74 17 42 101 46 128 132 105 18 78 28 113 166 117 47 82 101 187 26 93 142 173 24 112 199 94 117 50 97 145 197 165 18 38 27 39 138 128 22 87 154 147 120 0 82 22 104 19 86 93 31 159 109 128 115 195 85 72 83 70 9 135 98 67 50 37 140 40 68 33 75 44 103 10 123 191 13 76 108 14 48 133 115 31 197 62 181 10 18 95 157 97 41 174 32 122 47 55 146 110 29 101 118 47 71 35 8 76 39 57 131 110 46 169 86 186 13 141 114 57 71 43 27 135 53 82 91 184 110 193 162 90 6 139 34 36 18 32 21 158 74 142 102 111 
90 133 107 115 21 67 124 106 95 170 86 109 126 177 34 98 180 106 43 110 153 6 76 87 85 44 46 170 40 106 37 71 189 107 58 115 80 193 18 57 115 127 102 16 131 126 64 88 143 84 87 128 115 126 146 184 31 85 4 10 127 82 0 124 141 154 25 97 186 151 192 63 31 183 169 81 120 85 116 182 5 189 164 113 70 31 165 193 85 152 151 160 134 195 17 57 155 185 171 40 106 70 141 135 41 160 66 111 187 17 187 27 111 161 22 192 7 176 37 107 39 117 160 129 164 43 152 193 94 151 60 181 77 122 148 132 19 68 125 68 30 142 72 185 144 170 184 73 2 73 67 123 120 198 5 180 53 123 27 173 116 38 
79 47 61 93 163 16 113 128 53 34 13 21 35 149 41 36 6 132 195 159 141 129 68 6 63 99 112 167 173 151 159 189 59 122 189 126 170 86 162 144 127 33 75 135 183 35 190 87 160 155 88 84 97 127 27 98 48 129 42 60 85 22 124 0 89 136 175 179 100 190 127 82 97 85 125 199 185 42 191 114 171 137 120 187 170 118 190 176 3 191 127 192 199 3 99 82 87 78 181 47 29 60 119 157 125 5 28 111 28 142 137 92 24 57 127 64 66 21 154 154 60 152 180 134 50 168 23 106 121 99 23 23 173 33 99 63 139 199 83 98 176 48 57 184 31 181 102 188 102 180 108 15 49 101 195 155 60 39 45 42 121 66 
197 43 7 175 128 81 66 144 57 101 68 140 17 86 135 96 14 128 73 114 2 30 195 155 171 2 169 103 115 96 66 79 180 115 86 12 71 197 112 78 178 196 176 193 150 6 62 170 23 15 7 103 44 155 81 198 68 113 160 85 158 104 141 89 0 184 175 72 80 150 149 192 44 146 161 32 127 185 185 46 173 148 28 119 37 18 74 135 150 199 25 122 162 87 145 148 117 82 92 121 139 28 30 75 170 91 48 27 185 97 25 138 9 130 150 113 28 59 119 12 152 190 142 116 130 153 30 46 171 160 183 120 36 170 196 161 13 192 78 105 28 96 125 148 130 6 72 32 50 113 65 108 79 45 86 33 190 28 137 9 58 72 
111 40 174 162 65 11 125 129 82 117 11 139 37 114 70 144 126 166 197 133 69 155 166 193 83 30 57 192 67 18 164 117 51 86 30 118 19 190 153 179 173 75 74 195 123 85 87 68 148 28 142 19 159 179 58 81 178 172 67 36 53 19 154 136 184 0 154 109 112 65 136 47 122 188 135 88 107 105 67 50 8 176 22 47 85 24 2 183 41 171 69 153 137 154 177 128 69 110 161 47 113 179 43 10 91 27 178 160 169 94 48 95 48 60 85 45 49 132 170 14 58 80 49 130 147 122 69 46 32 169 64 56 102 136 186 199 84 100 152 162 6 156 171 48 176 101 180 117 175 20 85 185 145 135 197 37 70 59 26 37 66 118 
83 120 147 197 74 3 60 146 109 11 27 102 150 154 47 150 13 114 41 59 46 142 93 120 54 93 166 161 41 117 3 43 139 135 186 93 114 163 114 120 144 62 11 165 94 140 79 105 51 68 183 24 83 14 51 80 181 62 109 98 148 86 25 175 175 154 0 32 189 42 83 82 44 33 92 46 140 13 59 51 24 117 175 97 91 146 155 187 18 22 64 161 5 67 169 129 102 171 74 132 70 21 139 4 90 107 143 195 33 165 172 45 144 34 140 17 126 41 14 45 137 141 29 42 127 105 72 52 172 91 99 56 31 45 18 126 53 170 6 177 68 19 187 60 51 177 54 63 199 31 101 81 45 120 182 13 29 74 176 5 161 159 
151 181 37 104 191 165 8 38 127 34 152 27 46 51 26 199 48 49 120 80 85 56 108 130 152 188 63 124 188 187 159 186 116 185 115 81 27 167 121 18 180 174 41 44 177 16 85 15 137 12 55 12 42 111 14 99 143 71 157 120 192 93 97 179 72 109 32 0 111 45 173 124 58 87 186 161 28 54 66 30 31 162 88 169 12 37 39 25 109 60 193 41 168 116 185 182 109 64 157 135 105 28 135 153 48 125 42 149 195 194 184 152 61 52 123 53 70 43 156 51 178 191 113 143 90 102 119 82 182 67 116 106 6 146 49 188 119 22 125 12 139 146 30 176 95 187 1 175 75 192 163 36 98 189 45 58 106 150 82 8 36 104 
148 93 39 120 26 197 155 162 196 19 112 42 157 159 166 80 30 27 136 85 99 161 91 85 19 199 89 192 15 91 84 8 167 20 90 133 121 97 24 86 106 162 32 1 75 32 163 91 135 30 122 81 117 51 85 161 131 119 18 164 34 31 186 100 80 112 189 111 0 35 45 59 112 127 165 44 3 46 172 185 38 77 72 6 174 108 137 183 99 23 126 52 7 40 195 92 78 170 182 6 137 194 86 110 78 193 44 53 86 137 114 173 114 192 5 199 137 83 151 85 143 145 62 83 82 84 149 19 199 150 110 47 125 47 88 45 68 151 3 20 164 96 22 26 91 50 187 69 143 161 7 128 191 172 47 80 177 88 19 199 25 108 
19 102 130 126 176 71 58 86 191 193 25 126 137 22 41 30 68 13 65 31 192 12 11 11 170 193 84 145 3 72 56 112 140 183 73 95 12 46 25 108 115 122 101 182 100 20 14 142 63 109 25 145 196 148 157 124 191 106 57 113 85 159 151 190 150 65 42 45 35 0 85 16 197 33 69 77 169 73 127 53 131 79 171 51 70 107 189 157 30 119 77 4 26 35 22 192 170 180 4 5 9 173 67 89 107 44 100 81 152 161 91 127 137 159 88 106 77 71 63 53 54 74 110 189 84 41 39 175 182 21 179 48 197 31 159 125 163 116 54 153 129 141 174 76 17 70 159 153 73 52 59 107 195 94 129 10 99 8 88 14 196 126 
62 174 119 105 3 131 39 181 42 49 193 70 189 99 102 28 123 15 82 59 28 37 79 25 109 37 167 5 99 136 167 133 74 49 193 60 195 3 126 102 148 19 102 32 151 195 155 95 67 73 17 12 183 65 105 196 154 153 171 32 174 109 192 127 149 136 83 173 45 85 0 174 194 141 81 33 172 80 35 195 132 119 170 106 123 188 174 147 143 62 85 153 147 74 8 48 99 156 176 65 54 189 92 12 147 49 10 133 193 122 43 15 93 22 95 14 9 47 5 133 172 158 65 92 40 53 49 33 62 142 21 98 59 48 65 11 113 180 6 28 23 112 103 19 38 2 107 104 134 94 86 79 158 36 74 107 8 91 146 115 188 92 
74 199 70 104 147 120 144 146 103 79 56 9 167 47 181 31 180 15 56 96 60 179 87 186 123 2 27 114 118 39 70 175 147 8 62 167 130 95 113 122 98 94 37 41 33 194 46 79 115 77 161 25 15 116 197 39 197 148 191 175 81 128 63 82 192 47 82 124 59 16 174 0 116 54 64 198 71 59 11 127 79 94 198 39 187 192 54 119 195 95 106 77 90 176 116 5 76 163 71 103 8 182 47 119 157 41 86 65 56 3 111 101 15 61 101 91 197 85 134 5 104 36 61 147 130 129 152 117 39 101 38 111 142 163 86 151 171 145 111 6 143 8 89 114 37 92 85 28 146 190 169 189 26 21 4 47 149 38 197 20 56 132 
70 136 73 73 23 127 112 168 103 145 3 40 109 188 60 130 130 47 185 70 87 52 69 44 28 180 31 91 4 52 178 50 158 103 116 97 59 47 27 179 152 8 176 187 181 19 83 142 129 159 58 103 119 10 32 32 57 135 145 30 21 115 31 97 44 122 44 58 112 197 194 116 0 189 166 95 78 132 59 107 143 116 11 191 126 93 87 171 114 193 78 81 53 197 161 185 55 129 26 132 175 63 194 181 60 86 39 137 137 90 137 181 60 139 179 90 13 2 140 63 120 166 105 156 154 168 90 186 134 150 50 50 121 98 183 11 75 130 158 81 110 116 129 82 197 109 25 155 12 106 192 28 176 124 158 194 46 14 133 48 124 127 
167 57 182 150 58 62 115 130 164 31 184 127 185 169 198 127 6 192 117 176 141 43 130 2 88 50 16 131 88 10 54 10 183 72 111 52 9 134 55 97 191 141 19 34 73 141 62 168 30 124 131 11 145 75 189 14 14 155 115 86 76 195 183 85 146 188 33 87 127 33 141 54 189 0 131 147 94 143 102 62 20 38 24 27 97 38 89 41 178 190 173 2 25 39 190 71 57 195 129 198 63 148 36 102 174 27 45 91 3 103 168 120 97 103 143 67 76 33 29 46 132 121 99 14 159 175 179 166 55 129 105 43 39 147 161 10 199 164 53 41 136 98 39 19 49 46 9 134 181 190 85 107 74 46 197 186 4 17 58 3 68 117 
158 44 95 81 114 48 198 192 79 23 196 176 159 47 139 108 47 12 28 102 158 151 133 156 171 143 37 137 60 188 113 3 47 184 73 177 150 63 87 112 139 93 143 194 189 135 81 177 127 1 75 79 152 29 127 63 38 26 3 93 174 85 169 125 161 135 92 186 165 69 81 64 166 131 0 192 102 12 173 184 97 94 19 110 103 33 120 18 198 67 93 129 175 147 15 76 152 87 126 71 44 44 182 14 155 69 147 72 195 103 184 104 37 54 82 132 96 138 117 14 92 145 155 46 32 193 147 114 49 157 46 126 138 101 82 8 184 143 188 116 136 94 95 60 91 196 21 34 177 172 28 70 189 188 63 119 144 29 119 103 135 29 
123 179 70 155 47 104 29 165 24 116 80 48 135 113 6 163 182 140 179 183 42 145 2 81 62 104 164 108 167 153 15 102 113 87 170 61 37 95 132 153 169 95 75 75 51 92 5 36 14 118 174 94 27 111 100 84 90 74 172 31 110 72 81 199 32 88 46 161 44 77 33 198 95 147 192 0 95 40 67 94 11 22 148 155 3 187 20 61 177 182 74 131 191 161 44 166 41 182 177 177 153 50 101 62 61 149 161 124 123 96 96 45 185 184 142 84 67 118 162 6 198 191 55 163 75 189 26 83 49 190 152 101 144 51 114 44 75 8 31 127 136 190 19 24 77 162 127 162 22 77 90 135 188 145 143 3 160 102 148 6 44 114 
74 128 184 175 13 188 5 197 37 163 102 67 158 136 146 196 90 5 39 66 147 115 98 186 11 165 180 187 5 22 183 68 86 105 28 197 155 50 47 174 61 117 129 21 10 5 121 110 89 181 137 54 133 2 157 144 147 75 162 136 20 83 120 185 127 107 140 28 3 169 172 71 78 94 102 95 0 63 187 174 56 124 189 122 124 36 190 4 175 141 171 133 150 121 101 113 146 60 180 185 149 189 170 140 134 184 179 45 65 103 146 197 199 34 42 113 175 101 50 29 11 13 48 28 67 5 50 103 149 127 129 93 68 95 18 68 41 77 5 9 67 127 45 32 76 30 90 179 134 71 33 143 135 64 2 11 154 71 95 119 124 124 
14 170 58 53 145 175 127 113 110 158 24 99 74 147 58 110 196 106 141 97 116 129 113 129 18 165 9 177 31 96 50 18 189 22 4 145 72 174 47 48 83 6 150 141 92 115 85 48 72 125 92 173 105 158 93 148 79 22 108 129 134 70 85 42 185 105 13 54 46 73 80 59 132 143 12 40 63 0 117 27 47 68 185 92 113 194 135 38 191 41 2 157 21 171 197 90 51 104 124 150 84 69 24 175 181 189 38 179 136 172 180 32 106 58 41 167 111 186 156 185 124 85 177 198 28 101 108 61 58 23 77 183 152 41 158 162 102 4 143 10 98 146 145 187 5 10 150 33 6 117 71 38 111 51 147 116 90 195 23 129 64 23 
160 52 173 125 76 88 31 158 145 128 126 169 191 26 133 38 55 143 96 83 43 103 159 161 142 163 7 108 114 60 109 48 104 46 71 125 95 66 91 80 168 177 109 165 106 20 187 113 188 41 175 150 140 11 86 17 58 109 70 63 19 9 116 191 185 67 59 66 172 127 35 11 59 102 173 67 187 117 0 9 62 103 59 126 6 114 191 95 76 113 180 59 199 148 160 62 17 144 150 134 77 109 99 111 52 175 53 24 71 170 59 126 65 184 100 111 46 142 130 133 112 38 157 25 81 138 186 173 153 185 51 25 79 168 77 24 122 195 185 107 125 14 8 58 112 2 4 64 100 49 70 35 184 16 3 22 61 105 196 150 120 154 
44 181 84 182 195 80 139 100 98 68 115 4 172 157 110 72 101 139 60 138 117 125 151 26 142 95 117 131 68 74 129 196 15 60 43 67 86 80 21 77 130 149 164 45 94 101 163 60 7 78 158 32 46 181 14 2 93 68 40 40 49 135 182 114 46 50 51 30 185 53 195 127 107 62 184 94 174 27 9 0 49 85 155 118 190 85 2 182 54 82 96 196 195 4 179 13 169 194 150 81 142 4 73 75 37 141 122 113 117 136 76 54 195 36 72 116 59 138 69 126 170 181 183 29 159 175 83 107 174 117 76 118 100 19 164 86 137 100 90 19 88 124 151 185 16 142 162 31 197 37 20 120 37 49 158 117 26 167 164 80 31 178 
30 41 61 90 63 181 183 25 27 194 194 39 194 142 43 113 108 74 117 146 34 156 58 104 41 74 198 38 103 28 12 121 181 64 59 52 156 54 101 18 67 56 163 135 101 145 38 13 88 9 7 69 178 118 95 171 103 38 9 100 151 98 5 171 173 8 24 31 38 131 132 79 143 20 97 11 56 47 62 49 0 40 61 16 43 25 35 90 68 101 50 21 192 124 82 108 138 28 62 57 3 96 142 123 48 58 32 20 117 46 150 23 195 36 175 15 75 93 121 42 22 23 93 167 57 169 116 159 184 153 192 183 40 197 192 188 118 65 1 28 10 152 89 21 149 43 187 90 6 166 65 162 93 62 147 109 13 136 115 160 100 198 
171 177 164 43 182 152 2 121 181 180 142 168 85 62 194 46 5 81 164 104 5 56 139 190 66 145 147 111 167 26 42 74 190 60 110 118 87 115 97 180 164 192 164 97 135 37 67 196 186 188 135 170 98 147 37 56 71 136 74 78 51 67 189 137 148 176 117 162 77 79 119 94 116 38 94 22 124 68 103 85 40 0 71 167 152 193 146 46 172 176 70 107 166 184 136 98 2 92 190 130 92 66 90 151 159 53 148 170 78 49 49 117 81 102 134 67 151 27 17 51 193 190 161 4 25 126 87 17 170 32 140 87 59 4 113 95 119 46 12 169 40 32 114 104 88 79 162 37 167 94 140 62 111 8 173 138 8 82 105 60 156 26 
66 66 135 98 183 174 50 195 126 37 196 64 199 86 92 163 53 165 168 35 80 164 32 55 100 114 82 179 108 159 137 162 82 84 110 153 84 1 192 110 41 182 100 32 85 61 70 177 164 62 32 55 46 151 114 66 185 181 88 139 32 50 164 120 28 22 175 88 72 171 170 198 11 24 19 148 189 185 59 155 61 71 0 30 156 89 168 70 191 8 60 159 192 35 122 119 199 159 44 69 162 16 191 185 86 177 134 4 77 194 72 56 67 194 97 160 127 101 191 17 73 142 184 24 153 46 71 1 22 108 1 34 121 168 152 50 72 50 1 136 160 173 83 174 180 130 180 110 41 62 96 113 50 69 153 152 60 150 181 40 36 57 
55 54 31 148 154 58 132 27 129 173 146 145 144 149 82 45 49 44 141 137 174 30 138 50 186 124 91 156 170 16 63 6 97 169 187 134 138 32 198 108 191 147 165 189 164 121 89 158 74 109 167 45 146 179 114 180 123 198 48 176 36 37 113 187 119 47 97 169 6 51 106 39 191 27 110 155 122 92 126 118 16 167 30 0 99 3 133 155 197 54 106 157 58 94 76 191 9 180 4 123 109 106 29 181 118 80 128 119 84 63 181 144 63 192 82 64 6 110 118 68 133 39 119 177 41 72 9 120 12 153 160 114 146 16 15 126 10 143 179 176 139 40 31 180 131 118 66 169 92 108 193 103 183 104 52 37 139 18 124 61 162 87 
188 187 180 93 68 101 82 160 154 122 123 173 108 38 191 105 9 1 119 74 144 171 68 196 12 66 118 24 74 67 32 171 187 95 132 141 77 169 147 89 189 104 150 67 108 193 161 11 42 89 2 190 75 184 25 142 113 148 89 185 15 140 70 170 37 85 91 12 174 70 123 187 126 97 103 3 124 113 6 190 43 152 156 99 0 47 1 6 102 157 134 98 178 92 183 128 64 63 118 26 72 138 152 78 144 127 35 33 32 108 182 153 190 169 173 76 149 136 114 19 78 171 171 90 195 92 121 16 55 141 95 19 98 44 69 175 147 146 107 50 185 31 142 161 109 53 144 148 31 100 21 19 123 1 79 120 94 152 21 68 185 179 
84 119 13 123 19 146 182 51 52 59 83 53 7 62 121 5 84 110 94 64 155 131 67 121 99 50 135 8 103 77 84 6 109 175 12 70 132 122 196 6 124 190 73 100 12 74 49 8 45 59 145 32 167 98 165 8 40 130 160 62 138 40 31 118 18 24 146 37 108 107 188 192 93 38 33 187 36 194 114 85 25 193 89 3 47 0 156 105 105 51 199 17 96 127 191 127 107 97 34 166 24 90 7 125 77 153 48 137 82 157 59 121 147 107 123 77 134 91 59 134 51 142 84 6 15 184 11 184 64 180 77 87 114 60 4 83 122 36 95 165 144 97 173 115 52 115 179 199 36 27 44 64 1 29 135 67 154 123 70 138 138 77 
147 10 170 122 145 12 156 23 66 155 168 167 49 178 93 177 152 132 83 9 82 185 164 145 167 184 134 40 185 154 102 152 158 139 136 145 25 159 80 153 52 75 77 14 110 170 158 51 172 68 128 61 61 148 156 132 61 178 174 87 160 68 165 190 74 2 155 39 137 189 174 54 87 89 120 20 190 135 191 2 35 146 168 133 1 156 0 18 2 154 151 147 29 193 144 69 47 67 58 79 104 69 189 165 28 189 24 163 163 69 36 73 188 101 61 101 149 192 121 162 182 197 86 139 107 6 91 35 149 117 131 101 171 13 196 165 96 154 40 147 173 91 6 175 21 86 20 185 29 170 179 59 81 87 37 103 107 106 26 126 190 11 
131 9 39 100 30 140 160 164 72 108 170 74 101 121 81 118 34 42 6 161 198 64 134 133 150 124 43 17 195 18 80 87 122 65 199 105 96 94 138 132 73 80 28 25 112 118 100 37 81 95 50 83 81 103 90 155 163 76 60 115 108 33 193 176 135 183 187 25 183 157 147 119 171 41 18 61 4 38 95 182 90 46 70 155 6 105 18 0 154 105 96 160 133 148 140 192 20 64 21 84 57 137 13 95 95 180 28 134 15 94 58 75 42 111 151 167 193 139 101 27 100 96 157 152 31 47 123 63 101 96 52 103 62 137 113 42 5 192 46 90 83 56 166 24 95 134 86 195 96 99 110 33 147 78 135 92 187 5 12 187 151 68 
76 38 124 182 73 136 50 173 193 68 151 168 178 105 72 23 101 160 182 159 101 188 180 149 54 60 57 166 83 25 17 45 58 120 171 30 112 175 197 43 117 189 9 75 102 146 153 66 31 135 96 48 132 87 11 184 41 146 189 32 165 75 85 3 150 41 18 109 99 30 143 195 114 178 198 177 175 191 76 54 68 172 191 197 102 105 2 154 0 71 16 111 176 173 96 160 162 4 167 42 109 117 192 87 10 159 177 86 53 152 149 30 58 170 150 144 88 174 46 22 77 9 11 149 167 158 148 51 86 25 149 133 143 146 122 20 107 128 1 78 80 165 120 88 46 23 173 119 75 12 5 23 88 120 176 145 174 127 114 30 101 199 
11 175 172 63 151 30 149 126 182 171 148 40 23 143 105 175 72 66 83 196 7 145 15 61 171 30 170 140 195 126 104 117 150 61 85 71 89 194 105 177 193 79 9 19 115 158 125 108 177 89 158 199 81 40 126 168 168 126 99 182 129 44 152 191 199 171 22 60 23 119 62 95 193 190 67 182 141 41 113 82 101 176 8 54 157 51 154 105 71 0 18 2 67 12 83 169 63 139 152 132 136 29 170 52 28 71 50 160 110 23 193 180 95 134 92 10 173 193 123 38 101 7 91 3 181 198 161 179 111 88 181 146 164 188 95 120 30 153 85 108 180 31 98 162 164 103 4 44 57 111 157 150 102 113 96 135 34 167 102 133 158 196 
32 176 51 57 169 104 16 139 137 103 168 56 184 142 184 128 142 157 165 153 167 88 79 172 88 8 91 34 106 160 54 11 185 129 74 132 191 80 159 122 32 69 20 192 58 173 9 102 148 23 166 61 68 176 14 119 107 150 142 168 165 103 151 127 25 69 64 193 126 77 85 106 78 173 93 74 171 2 180 96 50 70 60 106 134 199 151 96 16 18 0 71 86 21 132 144 184 138 132 39 193 21 6 181 77 106 115 191 156 126 118 145 12 26 76 146 26 22 160 30 21 113 90 83 147 198 161 192 55 172 32 49 114 31 154 187 58 191 76 124 192 131 177 77 58 96 115 34 159 100 158 157 174 110 111 103 77 58 49 178 166 162 
149 176 19 36 103 197 23 168 146 171 134 134 176 168 11 87 17 167 137 191 168 197 177 55 123 132 81 197 81 148 7 181 175 155 167 125 161 104 28 50 122 180 119 163 36 128 178 167 116 61 16 171 105 97 137 20 195 83 116 11 39 10 160 192 122 153 161 41 52 4 153 77 81 2 129 131 133 157 59 196 21 107 159 157 98 17 147 160 111 2 71 0 29 80 171 127 118 109 62 1 110 137 9 116 7 45 117 118 168 72 156 191 98 154 116 128 136 102 133 18 149 18 171 54 146 153 3 73 138 184 54 156 63 179 164 77 48 17 141 92 99 24 149 92 152 78 7 118 16 198 198 47 116 190 97 57 185 146 61 18 138 130 
74 62 71 21 58 166 156 190 100 24 194 95 163 45 186 4 125 8 149 112 115 120 18 118 46 50 174 62 49 85 178 179 138 55 197 163 188 150 167 167 14 111 79 136 60 114 112 183 52 38 40 109 17 94 65 88 105 44 197 58 156 123 134 199 162 137 5 168 7 26 147 90 53 25 175 191 150 21 199 195 192 166 192 58 178 96 29 133 176 67 86 29 0 135 48 193 65 42 77 125 37 46 173 34 97 175 118 169 86 9 10 186 13 90 54 62 29 195 84 151 64 16 74 30 42 123 162 22 173 10 77 170 139 168 70 51 195 58 57 89 57 66 142 169 8 199 98 52 43 72 13 88 63 44 148 111 194 46 108 171 150 30 
13 145 117 13 175 51 101 117 186 172 135 145 80 49 188 101 113 167 40 83 130 130 142 154 55 184 111 102 104 43 68 159 4 33 30 81 165 24 166 182 135 171 42 74 162 154 42 192 117 117 165 31 50 197 5 95 33 194 26 189 67 191 195 3 87 154 67 116 40 35 74 176 197 39 147 161 121 171 148 4 124 184 35 94 92 127 193 148 173 12 21 80 135 0 9 17 183 54 160 75 114 181 57 90 146 94 152 123 67 22 164 37 38 160 179 55 143 87 27 176 85 180 19 68 29 122 51 16 94 54 99 99 188 119 45 50 183 181 47 104 8 195 89 136 102 76 43 10 82 23 58 43 195 89 139 88 100 106 145 94 11 55 
178 167 163 71 188 66 59 77 51 160 40 194 166 88 196 157 93 128 62 14 163 31 143 167 72 199 91 146 100 154 90 12 131 54 37 150 48 80 188 69 91 91 191 173 111 41 135 141 197 192 87 151 168 138 91 183 109 41 67 129 92 13 17 99 145 177 169 185 195 22 8 116 161 190 15 44 101 197 160 179 82 136 122 76 183 191 144 140 96 83 132 171 48 9 0 62 178 97 109 120 131 23 52 43 43 72 111 105 196 84 29 23 100 97 162 124 9 192 28 92 117 188 195 72 81 50 143 5 124 11 28 143 152 161 168 16 26 25 173 117 114 165 160 36 28 119 148 11 27 43 7 137 182 109 104 5 99 199 168 105 15 161 
124 180 190 56 166 7 124 115 62 176 15 20 135 45 58 115 87 124 20 96 22 44 134 199 83 148 51 142 126 168 67 113 114 124 19 176 41 86 48 11 150 95 83 98 69 81 158 67 182 183 42 49 197 16 6 44 167 173 65 12 14 76 57 82 148 128 129 182 92 192 48 5 185 71 76 166 113 90 62 13 108 98 119 191 128 127 69 192 160 169 144 127 193 17 62 0 38 106 162 95 164 77 154 179 9 178 134 99 190 78 142 197 173 101 90 101 124 87 28 42 162 117 173 122 149 105 127 128 102 185 102 51 52 87 135 168 43 178 89 165 99 142 122 197 171 33 74 94 103 93 44 160 123 5 130 27 139 72 51 107 15 176 
117 97 119 158 125 51 65 31 68 145 186 97 146 100 39 7 173 191 186 39 74 153 45 127 40 129 189 106 147 181 86 170 192 39 26 10 10 31 90 73 63 56 148 32 146 103 199 71 16 75 161 16 63 186 77 105 160 73 167 89 199 108 155 87 117 69 102 109 78 170 99 76 55 57 152 41 146 51 17 169 138 2 199 9 64 107 47 20 162 63 184 118 65 183 178 38 0 164 99 108 147 147 152 27 83 51 118 158 186 173 83 88 57 184 69 175 15 119 169 184 9 80 10 108 100 77 95 186 119 42 26 197 166 136 87 3 9 87 41 7 93 182 26 187 23 182 82 41 112 68 120 110 173 25 88 148 16 79 151 63 9 126 
131 133 28 51 86 79 196 17 125 179 55 69 162 168 4 179 62 17 42 45 10 58 27 61 18 168 120 68 121 194 22 167 77 142 109 177 10 44 80 103 92 99 76 149 172 68 50 98 83 73 37 33 156 57 74 47 141 32 89 83 92 14 185 78 82 110 171 64 170 180 156 163 129 195 87 182 60 104 144 194 28 92 159 180 63 97 67 64 4 139 138 109 42 54 97 106 164 0 12 33 50 5 148 56 106 65 2 36 184 196 115 4 173 31 145 43 96 7 48 91 139 175 41 90 66 165 21 51 166 34 53 166 5 95 81 53 52 67 52 185 47 112 44 187 12 122 169 106 71 136 100 40 74 75 121 80 139 107 148 171 182 35 
187 128 135 120 35 138 30 155 79 160 27 154 198 59 87 180 63 196 9 116 120 27 112 79 13 2 185 51 149 105 7 97 98 10 127 57 41 59 7 54 32 33 81 64 142 61 187 183 94 15 43 104 91 114 171 3 178 133 114 171 14 48 171 181 92 161 74 157 182 4 176 71 26 129 126 177 180 124 150 150 62 190 44 4 118 34 58 21 167 152 132 62 77 160 109 162 99 12 0 72 87 143 14 11 50 181 22 68 96 101 75 146 116 114 101 157 165 104 159 88 174 63 67 64 120 148 129 64 53 126 136 35 180 18 58 43 191 99 99 125 103 73 94 160 61 188 50 82 84 5 64 40 114 95 31 197 147 116 10 161 156 43 
160 144 180 163 86 184 25 14 90 188 193 154 108 183 97 54 36 136 155 24 123 128 159 67 53 23 71 78 92 60 24 112 36 41 34 45 32 120 173 44 77 172 146 54 113 154 100 139 80 54 33 113 88 18 63 163 128 155 189 159 107 133 40 47 121 47 132 135 6 5 65 103 132 198 71 177 185 150 134 81 57 130 69 123 26 166 79 84 42 132 39 1 125 75 120 95 108 33 72 0 25 167 29 23 174 103 172 145 163 162 105 107 63 139 170 89 62 40 42 111 176 140 142 83 134 82 89 173 12 175 61 40 131 135 113 85 84 51 28 146 77 163 167 155 121 83 52 98 123 31 148 143 124 116 91 103 172 67 124 130 123 162 
53 132 159 167 29 107 43 92 107 137 22 177 156 180 193 16 61 24 152 159 99 79 158 82 104 86 36 94 12 92 113 169 82 177 115 51 149 126 75 9 49 168 162 42 147 175 153 123 5 80 166 40 21 88 85 167 50 26 115 49 158 115 106 29 139 113 70 105 137 9 54 8 175 63 44 153 149 84 77 142 3 92 162 109 72 24 104 57 109 136 193 110 37 114 131 164 147 50 87 25 0 23 177 135 192 77 143 170 142 159 182 106 76 74 167 79 131 132 46 72 46 179 183 40 192 174 129 179 91 133 113 134 149 54 20 12 55 182 87 14 89 142 137 107 22 165 141 52 185 172 74 31 4 110 190 145 130 21 81 155 17 5 
32 153 83 193 34 173 78 188 165 83 22 48 53 116 149 46 134 32 124 174 109 179 65 113 86 3 112 31 55 62 165 16 119 177 177 29 9 195 40 173 38 96 96 123 145 30 110 196 134 72 6 173 113 121 144 70 108 187 111 114 137 31 70 60 28 179 21 28 194 173 189 182 63 148 44 50 189 69 109 4 96 66 16 106 138 90 69 137 117 29 21 137 46 181 23 77 147 5 143 167 23 0 7 162 28 4 170 21 182 185 124 137 20 32 48 63 184 142 45 80 161 138 94 68 190 177 163 55 110 47 70 125 130 11 141 104 138 72 175 124 112 32 113 189 46 175 60 18 136 95 99 17 125 34 75 149 8 81 25 168 17 147 
106 72 48 193 140 154 184 7 119 162 129 127 29 152 128 38 194 176 67 43 178 49 182 98 77 161 8 70 137 197 90 84 161 19 129 165 2 176 162 13 165 96 44 103 140 198 51 80 139 1 113 182 129 5 197 174 174 52 37 157 60 197 141 119 30 43 139 135 86 67 92 47 194 36 182 101 170 24 99 73 142 90 191 29 152 7 189 13 192 170 6 9 173 57 52 154 152 148 14 29 177 7 0 28 159 152 182 65 54 31 160 11 161 10 103 169 171 180 103 45 29 183 104 118 38 9 76 140 137 87 109 160 190 191 161 99 133 198 24 141 187 154 94 178 196 38 88 99 117 96 93 9 110 170 113 35 95 161 188 43 47 194 
182 22 145 21 195 171 149 102 57 191 62 165 145 52 88 168 92 4 153 1 143 49 30 128 187 149 1 174 100 37 166 100 107 122 122 105 19 169 118 33 72 193 121 10 80 129 93 162 28 30 45 55 19 138 23 31 102 154 13 183 34 62 135 157 75 10 4 153 110 89 12 119 181 102 14 62 140 175 111 75 123 151 185 181 78 125 165 95 87 52 181 116 34 90 43 179 27 56 11 23 135 162 28 0 103 170 53 104 187 115 113 164 68 116 191 32 88 167 168 65 176 51 146 167 75 13 178 160 112 116 180 86 169 32 174 70 17 156 80 78 178 80 144 28 118 102 75 6 119 49 106 123 130 151 154 177 141 163 71 99 186 27 
191 116 20 184 128 61 90 23 136 168 138 63 151 165 86 160 79 18 95 121 165 6 69 12 16 7 129 96 149 19 79 174 150 179 185 52 68 50 63 77 198 36 29 166 61 58 100 169 53 140 34 93 124 113 186 105 32 127 123 99 135 181 41 125 170 91 90 48 78 107 147 157 60 174 155 61 134 181 52 37 48 159 86 118 144 77 28 95 10 28 77 7 97 146 43 9 83 106 50 174 192 28 159 103 0 13 8 43 73 119 60 82 197 14 124 138 160 195 76 21 191 58 86 29 23 9 94 46 146 42 100 172 120 130 124 63 183 76 17 33 139 22 168 163 176 155 142 104 168 87 70 37 169 48 7 135 191 153 111 45 182 172 
168 55 181 187 158 87 197 197 70 36 142 159 20 87 198 70 44 4 72 141 102 102 107 10 185 107 20 101 144 22 8 161 192 20 92 87 127 46 17 27 183 45 118 17 73 102 144 178 193 59 22 101 45 163 20 87 173 11 69 19 151 10 160 5 91 27 107 125 193 44 49 41 86 27 69 149 184 189 175 141 58 53 177 80 127 153 189 180 159 71 106 45 175 94 72 178 51 65 181 103 77 4 152 170 13 0 88 58 10 26 47 27 27 85 85 94 56 15 150 174 137 139 91 83 84 21 148 161 186 188 26 11 78 21 165 19 167 20 87 187 62 169 114 81 19 55 131 181 56 91 115 74 122 17 150 149 64 78 179 29 80 124 
1 7 185 82 92 77 20 46 132 86 182 124 74 173 190 176 143 171 115 32 194 118 168 21 72 140 26 62 176 136 63 14 51 109 149 25 139 79 49 13 6 123 41 151 13 157 13 62 175 108 125 63 134 72 3 71 15 79 130 93 92 18 66 28 48 178 143 42 44 100 10 86 39 45 147 161 179 38 53 122 32 148 134 128 35 48 24 28 177 50 115 117 118 152 111 134 118 2 22 172 143 170 182 53 8 88 0 71 169 164 174 72 81 86 83 2 118 154 23 113 39 58 93 63 124 167 192 158 2 187 100 9 39 111 100 19 105 153 179 138 14 59 171 148 32 85 124 131 37 179 115 133 166 104 174 142 31 84 41 174 184 141 
61 81 18 38 21 180 93 144 158 5 151 93 58 123 11 77 95 166 86 140 4 20 194 100 25 116 130 94 72 197 134 179 51 8 78 162 94 66 160 16 182 45 76 98 112 92 175 180 192 97 175 31 47 142 146 154 179 148 138 139 94 95 111 111 27 160 195 149 53 81 133 65 137 91 72 124 45 179 24 113 20 170 4 119 33 137 163 134 86 160 191 118 169 123 105 99 158 36 68 145 170 21 65 104 43 58 71 0 98 90 124 23 145 43 171 125 104 61 11 105 23 193 75 149 187 21 49 168 180 122 149 91 162 101 65 120 177 39 70 135 173 167 23 46 10 56 173 153 153 120 138 94 165 41 158 77 67 127 27 98 2 199 
93 111 130 150 170 133 68 146 66 86 82 43 44 149 188 116 73 188 193 76 37 100 114 61 128 180 126 81 81 77 194 84 128 121 95 5 138 62 165 118 124 24 97 20 33 168 197 51 49 156 157 98 174 85 196 81 91 97 55 88 93 157 187 28 185 169 33 195 86 152 193 56 137 3 195 123 65 136 71 117 117 78 77 84 32 82 163 15 53 110 156 168 86 67 196 190 186 184 96 163 142 182 54 187 73 10 169 98 0 47 78 48 150 4 114 22 52 33 164 164 198 166 146 52 55 38 38 69 161 126 195 42 180 38 161 31 24 108 144 178 8 9 198 171 119 77 45 159 175 149 107 180 99 148 128 150 83 158 104 11 142 130 
40 3 102 22 3 76 90 97 78 78 117 59 156 24 106 169 142 156 79 194 83 67 149 108 104 83 125 26 126 171 183 159 37 137 150 111 72 169 27 77 163 122 5 84 176 94 67 199 111 42 92 155 149 138 53 119 60 181 71 98 136 97 17 142 97 94 165 194 137 161 122 3 90 103 103 96 103 172 170 136 46 49 194 63 108 157 69 94 152 23 126 72 9 22 84 78 173 196 101 162 159 185 31 115 119 26 164 90 47 0 91 22 130 123 154 11 23 38 136 159 178 74 73 104 33 67 93 152 180 25 135 146 149 31 67 143 47 102 181 167 195 24 47 56 85 128 175 138 16 153 148 112 198 158 76 46 52 55 153 30 25 103 
70 117 34 134 12 145 175 144 186 179 151 112 106 3 134 82 8 41 72 60 111 81 16 50 115 29 108 118 60 119 24 49 180 41 175 104 125 108 156 148 137 15 107 143 7 40 98 147 169 8 169 122 171 195 76 8 86 83 162 103 149 41 187 137 25 48 172 184 114 91 43 111 137 168 184 96 146 180 59 76 150 49 72 181 182 59 36 58 149 193 118 156 10 164 29 142 83 115 75 105 182 124 160 113 60 47 174 124 78 91 0 163 120 19 114 110 86 135 126 36 168 24 48 42 141 173 96 137 65 38 68 95 2 33 129 20 122 148 18 72 56 98 107 155 171 90 14 119 181 60 138 8 60 95 161 94 92 86 194 191 56 38 
171 148 102 23 76 49 128 192 28 60 34 49 104 48 131 60 188 28 174 92 40 33 47 193 142 44 78 135 90 94 102 154 112 149 23 45 43 108 143 121 191 197 121 13 12 178 3 139 156 130 82 80 42 81 63 131 80 175 42 158 32 174 27 92 138 95 45 152 173 127 15 101 181 120 104 45 197 32 126 54 23 117 56 144 153 121 73 75 30 180 145 191 186 37 23 197 88 4 146 107 106 137 11 164 82 27 72 23 48 22 163 0 118 197 130 88 75 91 62 189 98 164 154 108 28 108 131 160 190 78 22 158 152 188 43 51 126 83 90 123 29 66 63 39 1 179 172 95 172 135 75 185 196 41 169 99 12 196 43 94 42 36 
76 31 142 49 93 129 185 15 143 92 105 96 8 192 92 173 35 34 149 152 188 137 55 196 162 145 102 194 58 196 55 97 5 116 165 95 5 154 177 17 146 23 199 26 123 129 41 70 110 129 154 110 127 121 65 167 11 102 162 187 39 32 111 24 9 48 144 61 114 137 93 15 60 97 37 185 199 106 65 195 195 81 67 63 190 147 188 42 58 95 12 98 13 38 100 173 57 173 116 63 76 20 161 68 197 27 81 145 150 130 120 118 0 82 117 124 162 103 179 58 198 85 67 178 29 119 67 159 177 85 145 120 14 24 62 158 173 135 191 42 133 166 184 118 132 36 65 93 17 11 14 197 9 26 161 73 167 48 9 98 102 78 
88 63 78 164 174 129 49 199 8 15 155 81 161 175 181 146 63 132 110 135 155 27 170 62 196 86 137 50 193 40 81 11 7 100 53 41 158 22 49 7 121 71 162 11 149 92 1 53 84 82 11 24 136 143 189 68 9 169 138 86 16 122 161 57 130 60 34 52 192 159 22 61 139 103 54 184 34 58 184 36 36 102 194 192 169 107 101 111 170 134 26 154 90 160 97 101 184 31 114 139 74 32 10 116 14 85 86 43 4 123 19 197 82 0 144 72 119 119 133 188 77 32 107 169 130 67 188 19 180 48 25 184 19 75 6 117 11 9 9 128 153 189 180 25 183 195 89 153 58 159 78 76 52 90 91 43 143 136 25 29 57 36 
115 109 109 179 110 50 190 175 49 4 175 110 136 100 180 97 159 86 177 79 141 96 110 12 78 179 119 78 105 26 104 30 175 154 156 80 162 57 99 86 31 115 60 97 196 65 114 131 55 127 117 131 133 152 81 131 95 129 50 92 156 47 22 127 150 85 140 123 5 88 95 101 179 143 82 142 42 41 100 72 175 134 97 82 173 123 61 151 150 92 76 116 54 179 162 90 69 145 101 170 167 48 103 191 124 85 83 171 114 154 114 130 117 144 0 140 30 122 155 102 186 48 81 148 52 78 147 106 56 82 179 130 37 179 108 1 118 113 124 34 122 197 181 65 122 16 192 178 45 197 69 158 21 117 147 187 94 178 29 27 135 151 
161 53 70 155 114 184 162 84 149 171 124 153 193 158 165 78 186 145 183 13 167 46 26 112 7 140 167 3 51 186 159 151 186 117 141 64 193 88 14 79 146 88 128 83 9 96 194 132 50 74 186 46 70 199 110 197 124 87 99 100 169 55 192 64 113 45 17 53 199 106 14 91 90 67 132 84 113 167 111 116 15 67 160 64 76 77 101 167 144 10 146 128 62 55 124 101 175 43 157 89 79 63 169 32 138 94 2 125 22 11 110 88 124 72 140 0 7 118 44 88 83 35 12 121 20 161 13 166 147 26 64 101 174 150 96 71 96 140 70 75 166 109 53 113 26 102 56 193 102 88 166 177 51 44 184 41 104 117 123 110 154 74 
6 62 107 44 125 59 73 138 50 59 155 57 166 163 109 117 1 81 17 169 75 157 195 86 20 101 5 193 117 90 97 116 112 40 48 171 78 63 191 135 47 161 96 68 8 92 51 77 169 55 148 191 137 28 184 58 72 168 101 189 70 146 7 66 28 49 126 70 137 77 9 197 13 76 96 67 175 111 46 59 75 151 127 6 149 134 149 193 88 173 26 136 29 143 9 124 15 96 165 62 131 184 171 88 160 56 118 104 52 23 86 75 162 119 30 7 0 111 8 33 58 54 32 30 155 195 123 144 29 88 17 34 33 149 127 116 191 169 31 127 71 19 190 153 50 107 52 81 175 131 79 9 44 115 162 132 3 30 132 38 110 189 
118 136 84 82 102 21 155 72 122 168 12 66 41 78 128 67 177 128 22 99 132 150 193 168 40 20 165 78 155 139 162 2 5 112 199 182 124 25 91 58 109 61 197 119 51 72 105 78 124 170 16 170 99 148 29 163 174 110 175 182 165 110 176 21 59 132 41 43 83 71 47 85 2 33 138 118 101 186 142 138 93 27 101 110 136 91 192 139 174 193 22 102 195 87 192 87 119 7 104 40 132 142 180 167 195 15 154 61 33 38 135 91 103 119 122 118 111 0 27 140 196 125 125 121 59 183 172 10 23 112 155 4 36 125 8 117 111 67 57 152 1 131 171 186 32 71 21 104 19 128 126 62 45 63 148 190 187 115 79 143 148 187 
152 145 156 5 110 118 64 157 80 4 194 186 43 194 70 42 136 164 186 188 90 185 95 109 131 157 111 60 137 101 103 17 20 101 8 132 55 76 72 162 49 18 86 135 56 167 176 60 152 195 186 21 156 53 85 161 112 100 168 50 158 29 37 154 119 170 14 156 151 63 5 134 140 29 117 162 50 156 130 69 121 17 191 118 114 59 121 101 46 123 160 133 84 27 28 28 169 48 159 42 46 45 103 168 76 150 23 11 164 136 126 62 179 133 155 44 8 27 0 105 75 134 194 60 155 57 87 2 70 17 168 115 196 59 124 180 183 70 28 195 2 118 51 154 155 63 100 145 94 46 131 12 30 40 122 33 184 122 58 61 145 90 
191 9 16 100 182 3 20 34 105 87 175 49 16 122 95 145 50 67 122 25 167 111 105 26 191 58 196 142 105 54 140 87 106 14 118 113 74 38 150 34 89 172 167 29 91 192 178 12 159 114 128 32 109 193 16 44 102 187 61 24 48 101 107 154 12 14 45 51 85 53 133 5 63 46 14 6 29 185 133 126 42 51 17 68 19 134 162 27 22 38 30 18 151 176 92 42 184 91 88 111 72 80 45 65 21 174 113 105 164 159 36 189 58 188 102 88 33 140 105 0 181 102 15 154 126 155 51 181 162 141 79 142 175 21 15 13 18 161 65 144 21 56 173 4 110 69 124 188 115 177 36 73 129 53 76 141 140 190 48 36 121 30 
149 162 119 63 132 195 10 136 184 165 50 109 172 47 148 179 74 199 162 38 62 177 195 194 35 72 69 153 148 170 75 127 152 70 97 4 112 37 123 124 155 188 17 96 110 149 104 145 131 171 192 88 163 150 124 173 11 141 198 103 78 118 39 60 152 58 137 178 143 54 172 104 120 132 92 198 11 124 112 170 22 193 73 133 78 51 182 100 77 101 21 149 64 85 117 162 9 139 174 176 46 161 29 176 191 137 39 23 198 178 168 98 198 77 186 83 58 196 75 181 0 144 183 163 153 126 14 172 171 184 148 179 79 140 137 194 1 104 164 38 97 14 74 22 9 152 197 69 67 167 14 93 177 52 198 120 191 143 138 128 138 140 
174 93 192 97 31 121 189 31 51 55 95 137 26 98 128 164 194 149 97 198 125 47 67 190 130 29 159 6 64 97 98 176 14 4 79 104 49 114 74 20 86 179 164 148 193 154 35 150 59 129 124 182 141 173 175 42 139 186 37 117 20 47 117 152 190 80 141 191 145 74 158 36 166 121 145 191 13 85 38 181 23 190 142 39 171 142 197 96 9 7 113 18 16 180 188 117 80 175 63 140 179 138 183 51 58 139 58 193 166 74 24 164 85 32 48 35 54 125 134 102 144 0 35 182 1 16 31 82 30 63 53 11 108 171 64 85 93 85 129 15 55 131 104 51 95 129 166 71 49 154 157 3 125 128 189 109 123 130 129 163 52 70 
126 175 30 22 100 97 25 144 5 112 2 20 166 32 132 107 107 39 138 23 132 134 136 155 143 85 103 187 170 130 143 98 174 115 2 154 187 124 142 52 19 24 81 13 134 159 144 106 54 169 195 59 159 168 50 7 28 125 55 166 157 71 160 180 142 49 29 113 62 110 65 61 105 99 155 55 48 177 157 183 93 161 184 119 171 84 86 157 11 91 90 171 74 19 195 173 10 41 67 142 183 94 104 146 86 91 93 75 146 73 48 154 67 107 81 12 32 125 194 15 183 35 0 104 167 152 130 148 120 129 43 79 101 154 187 28 188 1 147 83 24 92 5 56 38 28 126 187 40 12 192 106 54 14 66 113 152 136 130 162 116 130 
172 55 87 96 143 105 164 76 194 60 28 84 64 70 186 8 5 57 61 141 182 26 71 14 197 152 18 120 173 153 146 162 99 95 188 145 42 133 157 44 189 17 189 165 60 185 85 145 123 23 173 131 46 136 193 155 176 63 130 79 75 35 129 134 116 130 42 143 83 189 92 147 156 14 46 163 28 198 25 29 167 4 24 177 90 6 139 152 149 3 83 54 30 68 72 122 108 90 64 83 40 68 118 167 29 83 63 149 52 104 42 108 178 169 148 121 30 121 60 154 163 182 104 0 132 146 73 164 5 18 27 78 147 145 152 120 194 142 161 180 144 115 189 145 67 134 191 83 119 190 12 142 11 92 53 69 183 77 9 84 111 55 
103 66 89 194 180 191 26 125 130 155 67 135 121 124 20 74 70 8 115 95 128 142 189 195 145 7 32 20 132 84 111 36 26 142 96 22 138 55 139 61 111 125 20 143 9 120 144 187 142 140 184 195 79 72 10 165 22 131 36 13 122 8 164 50 130 147 127 90 82 84 40 130 154 159 32 75 67 28 81 159 57 25 153 41 195 15 107 31 167 181 147 146 42 29 81 149 100 66 120 134 192 190 38 75 23 84 124 187 55 33 141 28 29 130 52 20 155 59 155 126 153 1 167 132 0 11 25 171 86 197 136 53 72 172 36 126 133 62 58 13 74 40 139 84 67 23 194 185 177 2 133 196 36 89 19 153 135 67 152 8 19 25 
65 93 81 78 69 67 195 105 113 35 113 175 155 158 30 106 44 178 2 185 132 62 100 178 112 137 69 102 103 190 81 130 148 175 2 64 191 137 142 182 182 135 162 126 44 155 28 110 56 48 151 49 22 31 177 91 184 192 147 195 36 76 43 168 153 122 105 102 84 41 53 129 168 175 193 189 5 101 138 175 169 126 46 72 92 184 6 47 158 198 198 153 123 122 50 105 77 165 148 82 174 177 9 13 9 21 167 21 38 67 173 108 119 67 78 161 195 183 57 155 126 16 152 146 11 0 53 182 127 120 49 116 142 183 33 19 8 114 101 160 20 22 106 28 12 170 192 173 131 56 180 91 118 189 171 71 184 73 95 124 173 78 
86 67 89 76 175 194 77 177 102 107 37 175 127 149 160 107 84 114 15 119 131 61 108 112 43 119 6 114 8 157 1 154 165 73 75 125 111 94 135 24 29 130 190 194 91 60 56 125 16 137 69 95 118 168 70 148 67 74 70 165 16 39 152 23 30 69 72 119 149 39 49 152 90 179 147 26 50 108 186 83 116 87 71 9 121 11 91 123 148 161 161 3 162 51 143 127 95 21 129 89 129 163 76 178 94 148 192 49 38 93 96 131 67 188 147 13 123 172 87 51 14 31 130 73 25 53 0 47 192 146 98 152 199 37 157 84 47 108 148 84 166 81 87 130 140 174 173 137 46 9 103 75 21 109 153 141 42 14 198 50 77 180 
126 101 194 172 7 66 131 76 186 117 143 157 88 38 73 89 86 136 141 108 99 71 89 53 160 198 177 17 4 123 163 58 73 44 82 178 131 183 92 22 95 157 188 102 49 167 107 22 138 104 135 94 55 48 66 136 6 106 37 136 16 57 193 106 46 46 52 82 19 175 33 117 186 166 114 83 103 61 173 107 159 17 1 120 16 184 35 63 51 179 192 73 22 16 5 128 186 51 64 173 179 55 140 160 46 161 158 168 69 152 137 160 159 19 106 166 144 10 2 181 172 82 148 164 171 182 47 0 44 28 69 162 159 147 164 199 128 186 136 166 125 115 77 99 83 8 153 43 28 75 63 167 120 83 57 65 74 127 192 149 122 19 
135 68 52 100 142 25 136 109 163 165 189 43 66 110 37 104 164 168 71 153 174 38 129 121 46 129 127 166 42 20 171 159 175 179 2 2 154 145 104 159 18 65 51 47 67 25 194 187 115 128 72 60 53 120 153 118 6 170 110 172 147 131 94 121 171 32 172 182 199 182 62 39 134 55 49 49 149 58 153 174 184 170 22 12 55 64 149 101 86 111 55 138 173 94 124 102 119 166 53 12 91 110 137 112 146 186 2 180 161 180 65 190 177 180 56 147 29 23 70 162 171 30 120 5 86 127 192 44 0 97 28 187 1 115 187 122 33 98 173 106 186 126 113 177 151 73 109 155 138 74 53 77 73 71 70 68 24 178 148 106 76 64 
18 34 151 22 138 17 100 79 182 180 192 83 84 126 111 20 183 184 152 156 74 59 170 34 179 122 5 24 10 43 77 78 138 125 34 6 1 149 51 88 51 54 124 105 133 57 46 9 55 46 62 51 41 157 192 99 78 111 127 81 106 110 151 99 160 169 91 67 150 21 142 101 150 129 157 190 127 23 185 117 153 32 108 153 141 180 117 96 25 88 172 184 10 54 11 185 42 34 126 175 133 47 87 116 42 188 187 122 126 25 38 78 85 48 82 26 88 112 17 141 184 63 129 18 197 120 146 28 97 0 135 31 140 99 27 2 84 57 79 188 49 149 40 75 105 161 171 159 69 43 98 23 58 124 97 197 50 119 73 94 29 12 
55 164 75 76 169 144 76 119 128 146 42 84 170 185 129 190 113 165 108 190 56 54 71 146 106 9 116 47 26 6 80 18 174 12 187 150 143 157 125 142 98 41 119 22 37 79 120 92 50 184 144 48 189 27 105 31 23 76 27 147 99 46 60 23 183 64 99 116 110 179 21 38 50 105 46 152 129 77 51 76 192 140 1 160 95 77 131 52 149 181 32 54 77 99 28 102 26 53 136 61 113 70 109 180 100 26 100 149 195 135 68 22 145 25 179 64 17 155 168 79 148 53 43 27 136 49 98 69 28 135 0 152 72 49 83 199 161 100 157 60 37 105 72 192 96 51 172 18 106 92 152 41 162 101 131 38 79 169 158 173 196 27 
179 84 174 38 6 192 43 37 131 123 188 97 88 143 13 73 75 94 53 177 61 153 105 66 121 67 176 29 174 73 85 9 94 146 4 119 93 108 40 84 83 103 180 184 65 166 19 16 99 188 130 29 115 119 58 66 67 14 21 150 189 169 181 23 120 56 56 106 47 48 98 111 50 43 126 101 93 183 25 118 183 87 34 114 19 87 101 103 133 146 49 156 170 99 143 51 197 166 35 40 134 125 160 86 172 11 9 91 42 146 95 158 120 184 130 101 34 4 115 142 179 11 79 78 53 116 152 162 187 31 152 0 4 180 54 108 52 24 125 199 114 137 138 28 24 151 176 158 122 31 32 74 27 106 50 194 95 125 100 90 151 132 
82 129 93 88 70 137 13 54 161 153 144 47 122 88 143 27 137 59 114 144 197 70 132 76 140 66 15 128 194 120 136 117 27 156 106 99 188 175 10 37 125 78 193 166 145 185 194 12 51 55 146 115 101 171 162 141 172 69 175 128 60 86 77 173 36 102 31 6 125 197 59 142 121 39 138 144 68 152 79 100 40 59 121 146 98 114 171 62 143 164 114 63 139 188 152 52 166 5 180 131 149 130 190 169 120 78 39 162 180 149 2 152 14 19 37 174 33 36 196 175 79 108 101 147 72 142 199 159 1 140 72 4 0 70 178 121 14 97 195 125 184 113 90 8 158 68 121 52 59 112 55 54 6 171 173 101 170 145 129 161 17 67 
67 84 63 190 162 138 15 175 190 189 54 168 189 85 177 141 107 1 155 171 37 102 24 77 160 192 68 60 76 81 194 8 3 145 128 9 182 25 119 183 59 138 22 178 82 66 113 181 37 172 7 166 5 101 4 126 194 38 137 195 130 186 122 33 170 136 45 146 47 31 48 163 98 147 101 51 95 41 168 19 197 4 168 16 44 60 13 137 146 188 31 179 168 119 161 87 136 95 18 135 54 11 191 32 130 21 111 101 38 31 33 188 24 75 179 150 149 125 59 21 140 171 154 145 172 183 37 147 115 99 49 180 70 0 4 117 125 26 26 195 62 168 133 60 187 126 195 144 114 67 113 192 42 131 44 94 25 134 144 109 21 136 
171 43 5 162 168 158 163 53 169 34 78 149 184 124 197 79 63 86 44 70 198 135 87 5 93 168 136 165 114 152 155 101 111 65 27 144 152 69 129 131 138 182 57 125 154 42 56 162 67 15 132 107 2 184 192 93 142 92 32 4 193 13 148 99 196 186 18 49 88 159 65 86 183 161 82 114 18 158 77 164 192 113 152 15 69 4 196 113 122 95 154 164 70 45 168 135 87 81 58 113 20 141 161 174 124 165 100 65 161 67 129 43 62 6 108 96 127 8 124 15 137 64 187 152 36 33 157 164 187 27 83 54 178 4 0 81 139 44 176 114 195 9 16 62 28 11 123 39 122 11 21 15 127 86 155 172 185 37 178 9 143 112 
59 153 132 150 155 82 16 86 13 166 51 101 123 114 132 17 56 182 86 140 99 138 26 119 160 158 99 31 103 54 56 196 181 3 198 25 149 86 178 169 31 44 86 69 98 153 21 28 109 54 162 165 193 23 57 36 62 1 86 85 75 141 132 63 161 199 126 188 45 125 11 151 11 10 8 44 68 162 24 86 188 95 50 126 175 83 165 42 20 120 187 77 51 50 16 168 3 53 43 85 12 104 99 70 63 19 19 120 31 143 20 51 158 117 1 71 116 117 180 13 194 85 28 120 126 19 84 199 122 2 199 108 121 117 81 0 1 97 73 159 155 127 16 122 140 113 107 60 108 111 43 32 79 14 143 36 186 163 173 63 87 81 
167 34 131 158 179 161 115 75 88 9 157 95 33 43 69 52 121 49 166 45 86 178 194 179 77 13 139 48 109 83 60 157 147 88 34 1 181 154 108 74 133 109 103 194 19 138 30 148 25 126 130 5 85 191 31 88 14 43 76 145 197 114 19 139 13 84 53 119 68 163 113 171 75 199 184 75 41 102 122 137 118 119 72 10 147 122 96 5 107 30 58 48 195 183 26 43 9 52 191 84 55 138 133 17 183 167 105 177 24 47 122 126 173 11 118 96 191 111 183 18 1 93 188 194 133 8 47 128 33 84 161 52 14 125 139 1 0 45 92 99 156 68 96 4 122 91 93 59 58 158 172 93 50 108 113 63 138 30 31 17 26 103 
6 157 117 121 168 112 158 164 58 116 199 113 178 187 59 191 45 163 37 32 92 123 26 83 191 95 125 166 22 33 180 146 75 73 122 91 107 128 174 40 199 64 106 121 15 73 67 162 29 193 59 43 94 54 44 43 54 92 104 106 160 57 68 199 192 100 170 22 151 116 180 145 130 164 143 8 77 4 195 100 65 46 50 143 146 36 154 192 128 153 191 17 58 181 25 178 87 67 99 51 182 72 198 156 76 20 153 39 108 102 148 83 135 9 113 140 169 67 70 161 104 85 1 142 62 114 108 186 98 57 100 24 97 26 44 97 45 0 117 195 77 32 103 94 109 117 79 24 177 140 124 192 65 105 49 177 148 109 61 8 63 198 
192 145 169 35 151 147 90 126 10 136 31 123 83 79 49 28 97 173 41 97 111 154 11 168 52 9 42 56 64 24 165 114 87 57 130 143 92 6 72 24 15 71 99 160 182 75 186 34 132 164 185 113 109 185 111 5 54 55 7 30 194 71 125 83 78 152 6 125 3 54 6 111 158 53 188 31 5 143 185 90 1 12 1 179 107 95 40 46 1 85 76 141 57 47 173 89 41 52 99 28 87 175 24 80 17 87 179 70 144 181 18 90 191 9 124 70 31 57 28 65 164 129 147 161 58 101 148 136 173 79 157 125 195 26 176 73 92 117 0 10 141 189 48 86 19 153 159 114 106 23 30 198 36 112 148 68 55 48 34 17 81 86 
146 186 56 8 88 81 87 43 189 147 136 150 26 161 147 51 14 36 6 118 191 63 114 184 70 101 181 26 20 59 16 138 161 119 157 199 148 165 35 120 73 195 180 69 191 39 194 128 142 170 114 165 81 125 41 189 54 92 80 152 173 43 68 98 105 162 177 12 20 153 28 6 81 41 116 127 9 10 107 19 28 169 136 176 50 165 147 90 78 108 124 92 89 104 117 165 7 185 125 146 14 124 141 78 33 187 138 135 178 167 72 123 42 128 34 75 127 152 195 144 38 15 83 180 13 160 84 166 106 188 60 199 125 195 114 159 99 195 10 0 116 157 110 16 124 17 181 190 29 151 95 28 116 166 175 65 111 151 62 100 95 3 
69 112 38 73 128 196 67 11 25 99 64 25 138 44 99 82 76 20 17 190 196 57 33 15 42 181 16 63 140 55 72 159 131 149 160 13 4 107 26 90 77 122 158 134 55 49 105 130 16 112 49 139 30 186 182 6 15 48 181 87 194 27 30 176 28 6 68 139 164 129 23 143 110 136 136 136 67 98 125 88 10 40 160 139 185 144 173 83 80 180 192 99 57 8 114 99 93 47 103 77 89 112 187 178 139 62 14 173 8 195 56 29 133 153 122 166 71 1 2 21 97 55 24 144 74 20 166 125 186 49 37 114 184 62 195 155 156 77 141 116 0 63 94 5 20 154 15 169 70 120 136 199 39 22 96 53 12 192 167 30 84 20 
152 150 187 157 81 76 169 122 61 168 104 89 61 61 90 17 60 50 157 21 104 85 102 2 141 91 189 176 60 142 197 99 187 45 71 83 77 128 71 149 23 117 172 185 154 161 158 130 170 169 7 191 19 75 107 28 176 176 78 11 102 135 142 48 96 156 19 146 96 141 112 8 116 98 94 190 127 146 14 124 152 32 173 40 31 97 91 56 165 31 131 24 66 195 165 142 182 112 73 163 142 32 154 80 22 169 59 167 9 24 98 66 166 189 197 109 19 131 118 56 14 131 92 115 40 22 81 115 126 149 105 137 113 168 9 127 68 32 189 157 63 0 66 13 140 145 191 44 65 45 180 114 19 48 152 61 145 42 26 134 161 125 
180 17 151 80 155 33 31 64 137 111 19 25 169 65 136 177 150 4 130 114 91 52 193 38 117 28 124 1 116 113 80 116 164 149 96 30 184 88 50 5 138 1 6 2 71 76 143 11 167 125 182 78 129 138 98 138 74 163 158 67 102 53 72 57 125 171 187 30 22 174 103 89 129 39 95 19 45 145 8 151 89 114 83 31 142 173 6 166 120 98 177 149 142 89 160 122 26 44 94 167 137 113 94 144 168 114 171 23 198 47 107 63 184 180 181 53 190 171 51 173 74 104 5 189 139 106 87 77 113 40 72 138 90 133 16 16 96 103 48 110 94 66 0 132 2 175 141 99 141 97 61 187 14 148 145 134 184 56 90 147 107 130 
48 111 40 188 21 147 153 72 23 71 84 143 125 104 121 128 51 53 171 191 75 98 87 7 74 92 30 132 131 91 47 94 82 44 81 170 169 52 169 84 67 9 98 67 115 179 60 137 64 61 177 95 124 143 100 19 163 135 35 156 186 82 185 184 148 48 60 176 26 76 19 114 82 19 60 24 32 187 58 185 21 104 174 180 161 115 175 24 88 162 77 92 169 136 36 197 187 187 160 155 107 189 178 28 163 81 148 46 171 56 155 39 118 25 65 113 153 186 154 4 22 51 56 145 84 28 130 99 177 75 192 28 8 60 62 122 4 94 86 16 5 13 132 0 36 31 155 69 124 171 9 32 77 17 112 20 167 158 86 88 196 197 
94 175 72 147 7 95 10 65 99 121 64 44 60 124 70 96 93 72 36 114 133 127 132 167 85 44 133 25 18 186 94 90 105 28 48 5 36 49 66 26 69 40 68 99 187 35 30 68 43 34 126 193 74 144 19 139 12 161 34 168 143 91 144 31 130 176 51 95 91 17 38 37 197 49 91 77 76 5 112 16 149 88 180 131 109 52 21 95 46 164 58 152 8 102 28 171 23 12 61 121 22 46 196 118 176 19 32 10 119 85 171 1 132 183 122 26 50 32 155 110 9 95 38 67 67 12 140 83 151 105 96 24 158 187 28 140 122 109 19 124 20 140 2 36 0 120 139 128 184 137 12 180 178 89 5 62 137 54 176 35 55 141 
31 172 97 132 43 175 123 67 82 53 120 125 78 25 62 87 153 66 187 59 195 88 37 14 85 50 11 165 41 68 142 125 80 192 40 105 44 6 199 28 153 194 9 145 100 78 193 182 98 190 26 7 72 131 176 26 122 135 32 80 128 184 170 181 6 101 177 187 50 70 2 92 109 46 196 162 30 10 2 142 43 79 130 118 53 115 86 134 23 103 96 78 199 76 119 33 182 122 188 83 165 175 38 102 155 55 85 56 77 128 90 179 36 195 16 102 107 71 63 69 152 129 28 134 23 170 174 8 73 161 51 151 68 126 11 113 91 117 153 17 154 145 175 31 120 0 157 99 71 81 20 175 84 31 82 92 64 70 121 191 28 60 
34 173 150 163 183 59 44 79 165 26 161 188 100 21 142 151 122 54 41 96 169 118 56 57 198 72 142 117 142 125 43 168 165 134 58 72 74 147 67 8 146 132 162 42 33 126 141 196 62 171 34 152 50 40 37 10 149 175 126 112 147 110 184 102 72 180 54 1 187 159 107 85 25 9 21 127 90 150 4 162 187 162 180 66 144 179 20 86 173 4 115 7 98 43 148 74 82 169 50 52 141 60 88 75 142 131 124 173 45 175 14 172 65 89 192 56 52 21 100 124 197 166 126 191 194 192 173 153 109 171 172 176 121 195 123 107 93 79 159 181 15 191 141 155 139 157 0 110 16 26 150 156 188 44 159 116 66 36 152 42 190 158 
100 70 46 192 46 75 29 34 133 166 7 185 151 135 86 58 46 80 111 59 6 188 84 14 31 119 66 65 167 185 116 88 8 101 92 80 124 193 65 14 59 58 85 63 25 93 21 199 178 104 53 83 48 18 83 94 6 74 79 83 161 193 73 188 32 117 63 175 69 153 104 28 155 134 34 162 179 33 64 31 90 37 110 169 148 199 185 195 119 44 34 118 52 10 11 94 41 106 82 98 52 18 99 6 104 181 131 153 159 138 119 95 93 153 178 193 81 104 145 188 69 71 187 83 185 173 137 43 155 159 18 158 52 144 39 60 59 24 114 190 169 44 99 69 128 99 110 0 65 90 160 88 116 150 183 77 81 198 136 68 128 22 
115 160 16 100 127 193 146 145 137 6 24 71 49 196 169 8 53 62 190 186 126 12 169 3 109 147 136 147 106 85 48 154 150 125 18 37 171 194 189 186 127 36 61 42 199 72 129 72 78 62 40 21 138 66 138 186 17 11 147 183 3 162 2 102 50 175 199 75 143 73 134 146 12 181 177 22 134 6 100 197 6 167 41 92 31 36 29 96 75 57 159 16 43 82 27 103 112 71 84 123 185 136 117 119 168 56 37 153 175 16 181 172 17 58 45 102 175 19 94 115 67 49 40 119 177 131 46 28 138 69 106 122 59 114 122 108 58 177 106 29 70 65 141 124 184 71 16 65 0 151 135 93 139 64 150 170 90 175 136 39 145 39 
38 191 142 30 188 107 149 19 124 68 57 62 90 16 112 123 87 148 28 32 23 165 181 6 56 108 93 78 3 153 49 71 14 150 40 18 104 72 130 26 98 25 109 178 74 106 65 72 141 71 178 136 21 194 20 50 102 5 73 1 19 90 73 180 113 20 31 192 161 52 94 190 106 190 172 77 71 117 49 37 166 94 62 108 100 27 170 99 12 111 100 198 72 23 43 93 68 136 5 31 172 95 96 49 87 91 179 120 149 153 60 135 11 159 197 88 131 128 46 177 167 154 12 190 2 56 9 75 74 43 92 31 112 67 11 111 158 140 23 151 120 45 97 171 137 81 26 90 151 0 55 96 9 25 68 9 7 164 28 6 138 54 
191 18 113 109 105 116 194 64 197 90 6 94 54 56 152 199 169 26 102 164 16 32 82 178 156 148 147 155 191 153 112 20 96 41 199 86 58 7 14 183 42 135 105 79 5 189 94 92 54 84 39 188 31 179 171 52 10 56 23 67 117 6 67 108 65 85 101 163 7 59 86 169 192 85 28 90 33 71 70 20 65 140 96 193 21 44 179 110 5 157 158 198 13 58 7 44 120 100 64 148 74 99 93 106 70 115 115 138 107 148 138 75 14 78 69 166 79 126 131 36 14 157 192 12 133 180 103 63 53 98 152 32 55 113 21 43 172 124 30 95 136 180 61 9 12 20 150 160 135 55 0 139 89 40 94 162 62 20 134 182 120 148 
156 149 25 156 192 106 149 140 132 25 173 174 179 152 123 54 190 172 106 6 192 149 19 148 51 128 160 19 164 20 183 52 102 190 44 20 36 13 37 78 22 124 1 12 79 170 41 7 65 94 57 190 67 124 119 143 120 175 145 115 172 139 123 15 108 185 81 36 128 107 79 189 28 107 70 135 143 38 35 120 162 62 113 103 19 64 59 33 23 150 157 47 88 43 137 160 110 40 40 143 31 17 9 123 37 74 133 94 180 112 8 185 197 76 158 177 9 62 12 73 93 3 106 142 196 91 75 167 77 23 41 74 54 192 15 32 93 192 198 28 199 114 187 32 180 175 156 88 93 96 139 0 105 10 41 92 63 199 101 111 134 95 
29 71 119 31 96 108 12 125 9 151 178 87 197 178 112 40 54 174 157 146 141 46 127 57 165 44 33 122 29 133 94 165 52 150 132 16 4 182 93 156 192 119 32 62 159 45 32 139 160 45 125 160 187 122 66 163 78 65 87 136 180 34 120 49 79 145 45 98 191 195 158 26 176 74 189 188 135 111 184 37 93 111 50 183 123 1 81 147 88 102 174 116 63 195 182 123 173 74 114 124 4 125 110 130 169 122 166 165 99 198 60 196 9 52 21 51 44 45 30 129 177 125 54 11 36 118 21 120 73 58 162 27 6 42 127 79 50 65 36 116 39 19 14 77 178 84 188 116 139 9 89 105 0 99 70 1 75 118 2 82 149 126 
11 142 86 5 170 56 99 134 191 161 142 196 49 3 184 6 155 181 150 104 198 19 77 151 155 88 198 61 147 147 156 12 172 89 115 146 81 179 68 65 13 106 176 129 22 32 80 56 109 85 145 162 168 127 148 53 48 155 65 64 32 36 198 101 45 135 120 189 172 94 36 21 124 46 188 145 64 51 16 49 62 8 69 104 1 29 87 78 120 113 110 190 44 89 109 5 25 75 95 116 110 34 170 151 48 17 104 41 148 158 95 41 26 90 117 44 115 63 40 53 52 128 14 92 89 189 109 83 71 124 101 106 171 131 86 14 108 105 112 166 22 48 148 17 89 31 44 150 64 25 40 10 99 0 182 102 143 198 182 153 2 29 
82 149 191 159 6 45 23 130 100 4 157 35 83 91 139 27 58 16 130 197 154 173 140 109 164 146 78 133 1 113 47 175 76 32 12 85 16 41 113 31 186 177 132 19 178 44 91 178 2 66 73 48 46 13 37 177 165 52 82 25 37 18 5 195 86 197 182 45 47 129 74 4 158 197 63 143 2 147 3 158 147 173 153 52 79 135 37 135 176 96 111 97 148 139 104 130 88 121 31 91 190 75 113 154 7 150 174 158 128 76 161 169 161 91 147 184 162 148 122 76 198 189 66 53 19 171 153 57 70 97 131 50 173 44 155 143 113 49 148 175 96 152 145 112 5 82 159 183 150 68 94 41 70 182 0 31 44 148 195 80 141 66 
100 149 141 116 191 177 130 60 11 166 92 175 171 111 152 40 111 199 106 34 96 146 107 192 43 198 113 97 112 75 162 134 59 90 117 40 123 72 61 24 117 84 14 94 40 27 156 151 190 123 125 58 116 132 30 139 179 135 193 113 157 32 180 155 33 37 13 58 80 10 107 47 194 186 119 3 11 116 22 117 109 138 152 37 120 67 103 92 145 135 103 57 111 88 5 27 148 80 197 103 145 149 35 177 135 149 142 77 150 46 94 99 73 43 187 41 132 190 33 141 120 109 113 69 153 71 141 65 68 197 38 194 101 94 172 36 63 177 68 65 53 61 134 20 62 92 116 77 170 9 162 92 1 102 31 0 190 123 56 64 160 19 
81 133 196 83 4 196 43 45 51 39 72 18 60 11 198 95 197 96 93 184 136 1 68 84 99 68 154 2 43 164 101 71 29 183 100 111 123 196 176 170 114 192 153 192 167 104 62 106 32 67 60 149 105 60 50 193 79 188 60 65 144 21 53 60 190 70 29 106 177 99 8 149 46 4 144 160 154 90 61 26 13 8 60 139 94 154 107 187 174 34 77 185 194 100 99 139 16 139 147 172 130 8 95 141 191 64 31 67 83 52 92 12 167 143 94 104 3 187 184 140 191 123 152 183 135 184 42 74 24 50 79 95 170 25 185 186 138 148 55 111 12 145 184 167 137 64 66 81 90 7 62 63 75 143 44 190 0 155 180 49 70 194 
151 113 54 136 177 36 193 34 118 36 57 87 82 139 191 166 141 146 135 84 97 100 37 30 105 91 85 185 148 66 5 57 68 189 124 56 26 71 97 198 146 136 1 40 144 35 17 94 12 86 27 155 182 106 131 129 18 9 180 100 157 158 123 39 28 59 74 150 88 8 91 38 14 17 29 102 71 195 105 167 136 82 150 18 152 123 106 5 127 167 58 146 46 106 199 72 79 107 116 67 21 81 161 163 153 78 84 127 158 55 86 196 48 136 178 117 30 115 122 190 143 130 136 77 67 73 14 127 178 119 169 125 145 134 37 163 30 109 48 151 192 42 56 158 54 70 36 198 175 164 20 199 118 198 148 123 155 0 55 123 126 1 
161 88 78 93 1 144 170 93 21 181 112 76 45 78 190 31 192 95 43 85 186 80 172 94 101 93 188 194 161 188 69 74 36 4 183 151 114 170 126 93 79 140 60 33 148 51 89 3 113 62 47 193 138 116 110 122 135 138 193 17 61 74 27 45 137 26 176 82 19 88 146 197 133 58 119 148 95 23 196 164 115 105 181 124 21 70 26 12 114 102 49 61 108 145 168 51 151 148 10 124 81 25 188 71 111 179 41 27 104 153 194 43 9 25 29 123 132 79 58 48 138 129 130 9 152 95 198 192 148 73 158 100 129 144 178 173 31 61 34 62 167 26 90 86 176 121 152 136 136 28 134 101 2 182 195 56 180 55 0 161 139 96 
49 128 187 139 164 70 186 145 21 80 32 97 47 20 178 82 56 7 198 27 67 12 6 69 109 97 141 5 32 145 20 72 18 197 142 70 56 124 34 87 138 111 88 196 37 121 192 129 181 52 118 156 2 92 64 51 147 16 144 114 22 142 173 42 9 37 5 8 199 14 115 20 48 3 103 6 119 129 150 80 160 60 40 61 68 138 126 187 30 133 178 18 171 94 105 107 63 171 161 130 155 168 43 99 45 29 174 98 11 30 191 94 98 29 27 110 38 143 61 36 128 163 162 84 8 124 50 149 106 94 173 90 161 109 9 63 17 8 17 100 30 134 147 88 35 191 42 68 39 6 182 111 82 153 80 64 49 123 161 0 57 186 
86 52 78 182 18 83 27 113 48 122 102 70 16 64 107 182 54 14 58 10 187 103 58 25 106 52 94 168 46 158 21 181 92 149 65 65 67 185 190 5 111 182 104 45 20 133 98 184 51 119 6 136 50 157 72 161 111 103 14 79 136 102 116 121 58 66 161 36 25 196 188 56 124 68 135 44 124 64 120 31 100 156 36 162 185 138 190 151 101 158 166 138 150 11 15 15 9 182 156 123 17 17 47 186 182 80 184 2 142 25 56 42 102 57 135 154 110 148 145 121 138 52 116 111 19 173 77 122 76 29 196 151 17 21 143 87 26 63 81 95 84 161 107 196 55 28 190 128 145 138 120 134 149 2 141 160 70 126 139 57 0 49 
105 196 5 49 186 139 149 188 193 190 60 33 198 199 191 127 93 2 18 195 5 108 119 164 189 4 89 83 31 75 149 69 58 23 35 48 186 41 2 123 43 190 149 125 191 81 14 159 97 134 29 59 100 123 10 11 168 111 47 152 13 111 38 66 72 118 159 104 108 126 92 132 127 117 29 114 124 23 154 178 198 26 57 87 179 77 11 68 199 196 162 130 30 55 161 176 126 35 43 162 5 147 194 27 172 124 141 199 130 103 38 36 78 36 151 74 189 187 90 30 140 70 130 55 25 78 180 19 64 12 27 132 67 136 112 81 103 198 86 3 20 125 130 197 141 60 158 22 39 54 148 95 126 29 66 19 194 1 96 186 49 0 
