9 9
43 26 35 21 11 27 39 7 20 31 34 8 14 15 40 28 3 30 29 6 32 4 23 41 19 42 36 9
17 8 6 9 8 14 2 16 10 11
53 48 13 50 16 5 37 35 8 20 1 34 31 18 23 2 12 30 40 15 46 24 32 36 42 7 25 6 38 47 43 33 51 3 44 11 22 52 14 10 28 21 26 41 27 48 39 4 17 49
19 14 16 11 5 0 13 4 3 10 6 1 15 17 7 9
11 4 3 7 5 10
67 56 7 60 42 28 1 30 66 24 59 22 40 55 10 37 41 35 26 31 0 29 9 2 23 8 46 43 65 50 47 16 38 52 11 19 56 57 18 3 51 14 64 34 61 32 58 15 20 13 49 27 5 48 21 54 36 45
3 2 1 2
29 25 2 28 27 5 18 6 9 11 25 26 21 22 0 8 19 1 7 17 20 10 14 3 4 23 16
73 9 7 9 29 39 41 16 12 54 65
0 0
