500 500
497 460 701
492 95 147
491 428 244
490 48 848
489 216 521
488 321 234
494 297 917
485 306 107
483 315 796
481 486 32
479 420 102
477 51 653
476 129 73
475 448 299
474 243 90
469 203 603
467 261 546
466 472 740
465 88 596
462 215 419
461 46 485
459 415 880
457 84 657
454 194 414
453 309 769
450 420 982
448 468 29
447 221 974
446 434 756
445 147 582
441 190 14
439 185 575
436 406 973
434 460 244
432 57 270
430 495 663
425 240 570
424 409 221
417 492 564
415 163 715
496 230 956
413 313 466
412 184 843
410 419 939
405 184 103
404 368 882
402 81 699
400 214 285
399 184 625
396 316 81
478 390 767
394 474 199
393 418 871
392 284 506
480 340 474
406 414 266
391 429 257
390 430 140
388 94 262
440 93 881
386 147 960
383 299 576
380 41 633
378 84 640
495 335 916
376 454 199
373 401 584
372 106 396
370 240 461
381 355 160
366 370 930
365 485 606
362 17 644
361 214 179
360 86 446
359 37 605
357 182 132
355 171 77
354 462 422
345 192 374
344 10 450
369 457 355
343 483 897
340 229 561
338 80 527
336 166 918
335 233 518
332 42 430
331 226 769
387 253 9
330 310 77
327 305 145
407 116 977
325 198 84
427 349 513
350 426 820
324 452 464
323 481 843
322 35 469
321 15 177
416 23 625
320 119 223
379 285 769
319 345 7
318 63 229
317 396 583
316 438 451
463 62 486
314 211 744
500 379 165
493 386 563
311 27 503
307 97 994
306 433 79
303 256 554
302 39 636
301 378 383
464 488 785
300 111 496
299 450 466
298 404 216
295 139 386
294 123 139
356 352 222
292 416 740
460 285 836
291 454 512
290 351 345
351 223 1
289 285 406
288 327 413
473 202 64
287 388 464
285 435 332
284 53 488
283 189 125
281 251 539
429 334 711
280 483 524
278 71 84
276 332 434
275 167 596
274 54 773
272 447 665
271 93 133
270 463 772
398 34 797
269 163 912
267 238 627
266 314 694
265 453 28
264 306 323
263 480 437
395 426 189
261 19 749
258 425 150
127 78 529
260 444 396
125 38 305
66 354 474
16 404 328
123 317 482
100 83 133
154 29 362
121 446 672
458 240 906
119 38 959
371 43 612
48 366 948
194 220 821
118 127 564
452 40 793
116 376 916
377 96 374
115 358 603
136 80 277
312 182 951
293 201 452
113 381 143
112 487 94
333 213 213
126 420 578
111 435 211
106 44 515
104 46 129
71 336 891
14 393 695
384 51 190
374 61 145
122 313 872
103 332 759
252 183 447
101 399 209
253 247 313
99 307 211
98 218 424
217 99 127
96 164 265
279 238 65
78 439 605
59 458 971
175 342 287
90 217 345
385 300 730
89 55 507
67 334 694
88 106 609
172 279 803
498 216 228
329 385 618
296 418 281
76 97 5
128 45 81
422 8 209
84 346 583
168 262 359
82 236 667
177 141 426
81 70 839
353 55 309
79 329 315
256 152 245
308 155 381
286 177 731
77 386 923
75 35 331
401 289 472
199 491 265
202 488 11
93 340 258
160 273 628
210 223 429
74 486 598
120 486 245
183 423 243
73 279 118
282 327 268
169 440 863
484 338 550
456 366 808
72 209 321
114 296 831
70 213 155
232 51 265
69 3 28
179 407 490
87 136 216
68 409 986
418 343 91
92 128 798
109 484 715
65 401 282
309 149 156
95 363 732
449 169 217
348 270 666
64 13 863
164 427 793
107 458 317
85 353 834
63 375 168
409 451 961
62 257 236
414 33 413
2 445 100
174 273 71
195 273 826
363 389 326
23 188 351
206 5 148
27 120 166
421 80 248
36 465 231
159 85 811
25 446 902
130 84 331
39 338 385
326 385 484
28 142 22
255 429 176
117 430 191
61 486 279
91 202 261
163 387 314
21 55 227
5 426 132
435 280 957
41 133 950
37 217 145
204 50 609
26 265 896
182 109 498
108 428 351
389 174 529
352 211 668
273 290 522
18 4 766
47 362 35
186 223 215
53 474 373
442 352 817
86 167 17
423 498 556
368 12 572
15 365 581
419 439 665
102 215 238
3 314 795
80 491 663
165 149 900
8 436 103
4 294 272
444 463 772
1 365 576
358 422 994
341 439 22
30 209 532
45 430 964
248 227 49
10 457 929
472 428 645
124 235 778
198 418 722
17 469 894
19 210 40
6 393 640
145 152 568
54 500 239
57 497 216
211 343 407
24 276 749
60 37 884
9 88 3
34 63 545
403 353 965
342 414 924
334 422 978
110 105 34
12 457 95
142 327 513
105 307 505
152 260 270
83 75 744
31 127 290
20 242 369
11 251 384
313 76 144
33 356 538
367 162 472
339 190 979
35 494 47
13 490 502
227 276 91
426 491 692
7 369 752
431 232 655
32 90 777
428 362 795
40 209 715
42 155 632
49 405 276
43 223 923
237 397 528
29 64 41
337 270 737
218 389 545
229 121 747
44 430 941
455 442 887
310 46 593
58 298 584
408 394 24
304 498 292
46 215 438
397 184 890
328 253 191
94 487 1000
22 178 38
56 144 321
51 339 936
50 447 851
171 326 575
52 318 869
486 418 39
420 484 765
97 266 487
55 308 586
443 334 67
129 107 931
468 25 531
235 258 702
131 357 702
132 123 569
191 64 84
133 322 424
249 206 939
134 291 73
135 453 793
161 170 819
137 119 151
180 333 769
259 249 369
138 370 677
147 361 582
139 326 817
201 264 651
215 250 123
499 78 843
433 144 4
140 437 901
185 392 788
487 34 282
141 380 307
143 243 416
471 473 754
144 259 373
146 194 971
193 147 192
212 128 586
364 407 30
148 82 966
149 222 39
150 454 956
438 450 855
225 122 919
151 365 972
230 286 361
251 265 134
346 252 58
153 445 704
155 406 824
216 88 137
262 359 165
156 465 152
297 254 329
157 394 638
158 80 429
203 35 989
220 18 296
437 464 217
162 198 632
166 275 963
167 487 264
170 431 528
208 136 762
173 371 342
176 209 697
242 143 894
178 365 213
240 303 59
181 238 377
184 208 232
187 344 910
188 273 958
247 214 95
451 168 486
189 430 592
231 388 755
190 362 378
482 354 107
470 366 180
226 69 218
192 298 51
347 493 866
196 103 96
250 306 374
375 299 127
197 477 353
200 264 546
277 308 313
205 380 346
207 71 513
268 389 171
38 78 268
209 448 224
243 414 24
213 15 396
214 316 569
219 375 491
221 124 98
222 293 520
223 422 882
411 248 578
224 435 829
228 401 677
315 385 871
233 467 732
234 171 182
236 437 726
305 384 800
238 451 920
382 273 428
239 416 446
241 414 512
244 69 140
245 110 12
246 31 556
254 227 757
349 254 473
257 346 291
