90 1 5
11 15
37 29
97 18
75 66
41 84
60 61
57 53
15 61
47 86
91 69
51 10
40 50
98 56
98 22
11 26
16 55
60 81
2 84
93 13
13 39
94 39
40 31
1 13
6 74
77 34
13 83
38 69
5 2
54 4
52 84
35 1
24 61
78 74
41 82
3 12
59 42
68 87
2 72
47 62
18 36
91 77
40 82
73 81
2 25
30 16
12 32
0 16
9 13
59 86
20 65
37 48
72 28
63 64
78 19
1 8
58 7
27 56
13 46
78 14
3 31
76 74
46 4
86 17
91 61
45 14
81 60
99 46
72 21
0 48
54 89
76 86
58 63
92 17
57 82
71 7
21 27
5 89
68 1
78 84
56 48
52 41
94 81
14 31
64 47
60 64
22 3
30 51
35 39
53 57
32 11
