124 49
1 2 1
2 3 1
3 4 1
4 5 1
5 6 1
6 7 1
7 8 1
8 9 1
9 10 1
10 11 1
11 12 1
12 13 1
13 14 1
14 15 1
15 16 1
16 17 1
17 18 1
18 19 1
19 20 1
20 21 1
21 22 1
22 23 1
23 24 1
24 25 1
25 26 1
26 27 1
27 28 1
28 29 1
29 30 1
30 31 1
31 32 1
32 33 1
33 34 1
34 35 1
35 36 1
36 37 1
37 38 1
38 39 1
39 40 1
40 41 1
41 42 1
42 43 1
43 44 1
44 45 1
45 46 1
46 47 1
47 48 1
48 49 1
1 3 2
3 5 2
5 7 2
7 9 2
9 11 2
11 13 2
13 15 2
15 17 2
17 19 2
19 21 2
21 23 2
23 25 2
25 27 2
27 29 2
29 31 2
31 33 2
33 35 2
35 37 2
37 39 2
39 41 2
41 43 2
43 45 2
45 47 2
47 49 2
1 4 3
4 7 3
7 10 3
10 13 3
13 16 3
16 19 3
19 22 3
22 25 3
25 28 3
28 31 3
31 34 3
34 37 3
37 40 3
40 43 3
43 46 3
46 49 3
1 5 4
5 9 4
9 13 4
13 17 4
17 21 4
21 25 4
25 29 4
29 33 4
33 37 4
37 41 4
41 45 4
45 49 4
1 7 6
7 13 6
13 19 6
19 25 6
25 31 6
31 37 6
37 43 6
43 49 6
1 9 8
9 17 8
17 25 8
25 33 8
33 41 8
41 49 8
1 13 12
13 25 12
25 37 12
37 49 12
1 17 16
17 33 16
33 49 16
1 25 24
25 49 24
1 49 48
