302 961
1 41 100
1 81 100
1 121 100
1 161 100
1 201 100
1 241 100
1 281 100
1 321 100
1 361 100
1 401 100
1 441 100
1 481 100
1 521 100
1 561 100
1 601 100
1 641 100
1 681 100
1 721 100
1 761 100
1 801 100
1 841 100
1 881 100
1 921 100
1 961 100
41 81 100
41 121 100
41 161 100
41 201 100
41 241 100
41 281 100
41 321 100
41 361 100
41 401 100
41 441 100
41 481 100
41 521 100
41 561 100
41 601 100
41 641 100
41 681 100
41 721 100
41 761 100
41 801 100
41 841 100
41 881 100
41 921 100
41 961 100
81 121 100
81 161 100
81 201 100
81 241 100
81 281 100
81 321 100
81 361 100
81 401 100
81 441 100
81 481 100
81 521 100
81 561 100
81 601 100
81 641 100
81 681 100
81 721 100
81 761 100
81 801 100
81 841 100
81 881 100
81 921 100
81 961 100
121 161 100
121 201 100
121 241 100
121 281 100
121 321 100
121 361 100
121 401 100
121 441 100
121 481 100
121 521 100
121 561 100
121 601 100
121 641 100
121 681 100
121 721 100
121 761 100
121 801 100
121 841 100
121 881 100
121 921 100
121 961 100
161 201 100
161 241 100
161 281 100
161 321 100
161 361 100
161 401 100
161 441 100
161 481 100
161 521 100
161 561 100
161 601 100
161 641 100
161 681 100
161 721 100
161 761 100
161 801 100
161 841 100
161 881 100
161 921 100
161 961 100
201 241 100
201 281 100
201 321 100
201 361 100
201 401 100
201 441 100
201 481 100
201 521 100
201 561 100
201 601 100
201 641 100
201 681 100
201 721 100
201 761 100
201 801 100
201 841 100
201 881 100
201 921 100
201 961 100
241 281 100
241 321 100
241 361 100
241 401 100
241 441 100
241 481 100
241 521 100
241 561 100
241 601 100
241 641 100
241 681 100
241 721 100
241 761 100
241 801 100
241 841 100
241 881 100
241 921 100
241 961 100
281 321 100
281 361 100
281 401 100
281 441 100
281 481 100
281 521 100
281 561 100
281 601 100
281 641 100
281 681 100
281 721 100
281 761 100
281 801 100
281 841 100
281 881 100
281 921 100
281 961 100
321 361 100
321 401 100
321 441 100
321 481 100
321 521 100
321 561 100
321 601 100
321 641 100
321 681 100
321 721 100
321 761 100
321 801 100
321 841 100
321 881 100
321 921 100
321 961 100
361 401 100
361 441 100
361 481 100
361 521 100
361 561 100
361 601 100
361 641 100
361 681 100
361 721 100
361 761 100
361 801 100
361 841 100
361 881 100
361 921 100
361 961 100
401 441 100
401 481 100
401 521 100
401 561 100
401 601 100
401 641 100
401 681 100
401 721 100
401 761 100
401 801 100
401 841 100
401 881 100
401 921 100
401 961 100
441 481 100
441 521 100
441 561 100
441 601 100
441 641 100
441 681 100
441 721 100
441 761 100
441 801 100
441 841 100
441 881 100
441 921 100
441 961 100
481 521 100
481 561 100
481 601 100
481 641 100
481 681 100
481 721 100
481 761 100
481 801 100
481 841 100
481 881 100
481 921 100
481 961 100
521 561 100
521 601 100
521 641 100
521 681 100
521 721 100
521 761 100
521 801 100
521 841 100
521 881 100
521 921 100
521 961 100
561 601 100
561 641 100
561 681 100
561 721 100
561 761 100
561 801 100
561 841 100
561 881 100
561 921 100
561 961 100
601 641 100
601 681 100
601 721 100
601 761 100
601 801 100
601 841 100
601 881 100
601 921 100
601 961 100
641 681 100
641 721 100
641 761 100
641 801 100
641 841 100
641 881 100
641 921 100
641 961 100
681 721 100
681 761 100
681 801 100
681 841 100
681 881 100
681 921 100
681 961 100
721 761 100
721 801 100
721 841 100
721 881 100
721 921 100
721 961 100
761 801 100
761 841 100
761 881 100
761 921 100
761 961 100
801 841 100
801 881 100
801 921 100
801 961 100
841 881 100
841 921 100
841 961 100
881 921 100
881 961 100
921 961 100
1 481 49
961 481 49
