1000 500
236 369 76
91 219 21
457 296 59
103 149 97
234 478 87
145 467 94
271 143 16
189 8 44
260 215 10
81 136 8
301 211 80
371 83 67
166 341 9
314 137 17
144 476 19
110 469 52
252 336 48
260 279 70
474 88 10
461 248 70
23 279 2
105 45 2
297 105 72
286 121 89
261 239 2
81 442 45
269 141 55
47 463 58
487 324 69
234 93 95
12 294 55
408 147 78
12 18 34
132 406 83
222 460 68
163 304 80
155 110 60
117 20 28
441 188 27
385 182 13
31 137 46
177 466 57
47 251 64
304 333 27
263 52 58
419 31 79
380 443 93
399 122 47
439 200 16
120 412 8
108 209 92
425 17 74
176 232 51
360 458 49
412 315 52
442 245 15
236 337 33
210 436 64
409 151 63
321 158 1
29 401 72
398 175 80
129 477 56
87 325 31
253 476 91
498 242 2
334 74 95
121 490 83
271 452 92
280 204 100
33 75 72
59 406 53
35 14 50
359 444 78
186 86 16
428 139 69
353 486 66
342 68 51
145 211 72
200 262 94
127 486 26
32 238 58
397 239 16
341 368 2
278 84 12
417 52 97
254 369 76
173 371 29
383 142 22
496 388 67
481 413 66
70 322 44
308 289 76
28 290 24
111 1 64
14 397 94
234 425 10
104 305 15
98 26 87
485 244 69
249 162 16
70 205 97
358 132 18
147 456 26
499 471 5
247 264 67
171 325 80
475 139 65
353 477 68
96 197 65
109 413 1
166 461 49
149 78 70
104 355 27
427 159 25
42 425 23
367 56 70
357 420 40
334 388 67
30 304 19
294 57 66
254 205 27
332 275 92
186 53 40
345 330 96
121 252 22
177 273 15
96 465 33
335 131 90
491 1 75
47 466 56
251 244 50
377 335 55
282 427 86
111 122 24
214 95 20
487 109 40
451 342 16
433 283 12
433 409 98
250 64 88
494 365 34
180 420 37
106 157 65
79 432 46
173 51 8
282 291 22
475 58 60
257 69 10
165 119 94
80 306 26
297 392 27
216 228 20
224 144 52
156 342 57
58 149 36
200 22 8
258 381 41
178 42 67
296 135 75
102 12 91
345 491 71
72 110 67
67 261 34
408 370 9
409 205 16
430 64 74
163 57 73
56 375 30
43 450 60
406 40 55
396 62 8
358 28 52
470 413 75
339 22 42
395 489 49
311 162 9
219 387 91
93 368 53
42 27 60
434 482 2
347 241 60
227 493 55
139 167 12
12 408 82
1 409 72
14 169 67
400 359 29
268 63 47
146 323 39
127 476 33
220 35 18
212 342 64
230 153 90
490 286 29
250 110 92
418 476 92
277 4 6
191 102 57
365 440 76
341 172 22
227 41 100
68 405 19
73 494 30
210 74 60
319 166 49
146 109 98
1 66 67
102 423 95
394 398 86
417 19 50
458 119 42
362 437 69
355 319 88
281 430 12
446 178 74
54 27 92
120 145 90
394 40 42
291 125 44
162 426 37
280 68 53
68 288 62
386 427 23
315 139 30
344 264 10
222 355 7
367 296 60
406 238 31
382 133 24
307 69 67
374 273 28
13 435 59
440 309 26
430 390 12
193 399 78
399 57 22
195 269 95
284 99 61
416 175 18
336 393 99
108 420 58
394 78 83
55 155 96
444 266 35
195 396 16
251 17 8
19 211 6
470 124 52
496 293 35
388 492 2
159 201 37
88 283 97
242 378 42
360 264 96
255 79 92
123 438 38
185 344 88
308 147 59
101 234 80
444 235 75
144 72 14
278 220 72
156 261 59
271 209 100
350 100 59
287 37 65
482 76 87
481 486 72
214 217 31
300 443 31
223 56 26
442 327 69
55 37 47
263 489 54
214 299 24
102 364 25
29 50 64
15 273 97
83 304 29
26 286 42
81 212 94
260 132 16
296 330 10
136 35 64
435 159 26
150 335 39
199 150 92
324 447 20
127 75 86
264 269 69
475 114 94
459 329 74
288 338 33
323 401 81
333 78 16
19 468 2
169 459 51
467 479 2
393 364 25
161 332 3
274 325 66
455 251 93
144 435 51
397 267 38
474 383 12
294 136 44
252 187 63
230 288 31
446 64 49
129 466 41
306 483 54
56 475 79
490 425 33
109 15 29
491 426 25
478 22 50
164 284 43
451 66 95
366 314 76
331 306 73
166 459 2
140 238 7
417 322 14
431 50 55
208 26 63
229 476 5
364 70 83
281 64 46
446 492 49
252 364 14
210 217 97
299 375 62
473 88 53
374 143 69
400 157 51
227 162 11
296 144 91
212 141 55
203 89 35
418 255 81
487 103 32
361 116 93
449 268 44
443 189 68
99 391 41
260 301 92
255 292 18
396 498 14
336 132 77
90 64 79
192 247 48
307 492 34
427 387 95
467 254 95
357 494 37
10 338 87
153 55 47
150 420 1
133 496 48
197 126 84
295 26 73
286 59 17
172 305 75
277 351 53
271 487 19
460 426 28
14 272 37
286 224 89
133 424 90
259 107 74
136 231 70
194 47 17
351 374 2
201 126 26
40 197 2
465 124 24
88 412 35
163 352 49
86 441 86
192 14 18
423 136 28
321 52 63
46 105 9
24 182 59
220 36 11
343 11 2
254 446 66
105 246 5
397 331 68
262 48 5
249 228 49
300 190 71
257 50 43
290 408 41
325 171 64
188 472 83
133 90 77
378 294 82
60 13 38
459 318 34
186 166 47
228 288 96
277 82 47
37 422 3
207 285 93
30 219 69
119 495 56
265 376 40
277 213 17
446 298 76
111 145 87
250 240 72
184 486 99
105 341 76
242 485 12
460 453 70
307 461 99
182 100 18
247 469 82
44 396 10
40 282 56
279 206 18
117 4 20
457 431 3
293 394 59
97 63 100
57 114 12
9 283 18
329 216 99
76 425 97
210 80 41
415 50 80
270 269 11
201 171 79
94 29 35
9 481 79
122 392 75
404 461 32
119 211 92
395 208 72
327 100 47
376 31 56
144 241 22
166 271 92
46 257 92
26 35 37
269 410 45
229 193 18
292 336 73
499 307 43
98 353 38
128 461 64
221 482 91
491 273 34
248 116 51
282 53 96
191 349 74
235 267 94
70 291 75
376 434 66
81 323 64
393 38 13
226 128 40
499 213 12
466 463 3
18 110 2
219 135 35
337 281 78
127 155 12
412 172 82
234 187 9
271 299 41
250 390 33
462 202 59
276 356 9
238 109 74
372 143 44
152 220 14
158 32 50
329 265 28
367 373 40
165 414 25
407 198 48
460 356 97
167 216 11
275 42 86
417 385 23
137 150 47
168 399 50
284 126 60
156 117 40
421 194 7
119 41 23
474 489 29
42 251 88
83 437 54
319 211 28
468 209 97
366 211 33
343 370 52
312 209 35
5 415 42
397 138 63
385 266 33
136 206 6
424 311 99
486 191 81
47 487 99
257 419 66
126 222 83
334 308 26
101 49 89
238 63 93
355 195 41
412 153 77
223 151 12
413 232 87
251 130 25
169 496 71
242 430 27
49 207 4
449 295 89
12 239 89
206 79 78
358 156 85
361 219 96
92 58 70
73 382 34
420 104 84
350 82 4
56 185 97
351 473 45
441 214 94
20 191 5
27 375 62
245 323 72
154 344 32
35 278 75
490 313 99
71 369 19
255 165 68
80 10 75
293 155 77
335 311 18
62 24 89
384 95 15
79 378 11
208 104 65
21 403 51
241 121 41
405 40 11
266 366 18
272 43 97
82 12 41
106 500 75
52 366 36
282 476 71
385 92 50
287 243 9
259 235 81
150 445 21
16 114 26
410 362 43
421 402 15
272 129 96
137 416 53
112 87 57
56 188 38
298 348 74
32 29 13
328 449 23
294 126 73
155 69 40
409 135 49
37 282 69
304 35 40
242 43 28
281 480 91
129 5 46
157 317 95
457 240 78
83 312 58
3 251 51
137 451 5
418 71 13
304 110 1
198 489 5
177 479 98
182 25 79
350 219 7
89 297 63
252 54 71
354 456 53
304 160 7
374 125 95
335 477 65
323 133 20
154 31 18
178 209 46
248 15 79
396 329 29
301 99 69
256 304 21
268 362 26
244 57 82
220 373 7
353 492 94
235 309 68
443 7 21
309 385 98
137 113 98
87 282 93
242 54 46
104 179 1
12 312 20
384 319 63
227 12 83
388 379 87
394 400 21
278 449 63
243 246 71
376 291 59
429 136 97
459 88 39
271 308 94
89 270 5
451 452 40
330 338 66
81 310 5
30 224 98
127 446 28
417 304 70
52 453 45
492 491 25
299 484 83
68 340 5
372 431 45
61 248 96
371 453 78
94 402 58
40 129 87
195 450 66
147 294 82
489 418 86
324 353 77
15 57 27
445 54 94
193 149 65
497 426 26
398 284 48
27 22 93
476 387 32
122 21 79
391 58 77
95 234 18
4 60 41
57 305 56
205 422 52
483 247 44
118 146 40
139 138 90
378 22 16
398 100 43
455 28 16
40 445 7
451 186 53
107 293 56
28 344 12
126 440 69
271 31 51
409 20 68
430 387 58
381 82 35
408 397 84
353 455 90
390 108 81
182 115 83
377 327 90
168 95 17
51 197 43
70 64 65
309 421 25
242 8 6
490 343 86
297 133 46
404 313 50
18 148 39
196 237 72
142 353 100
338 447 68
253 312 18
26 288 39
33 194 99
227 331 40
359 376 30
24 125 26
171 115 81
407 286 50
111 186 98
410 253 39
73 222 29
360 260 81
53 311 58
384 250 42
111 31 69
236 108 27
202 440 2
488 290 24
25 39 30
129 77 93
350 157 2
461 138 74
271 495 33
21 89 38
403 57 21
11 235 83
450 437 70
91 160 72
129 142 59
58 234 35
214 87 63
203 12 12
198 296 24
286 133 95
194 205 67
428 388 69
364 157 31
376 128 81
17 438 23
102 272 52
40 234 9
51 397 22
346 21 77
331 267 26
35 33 63
274 53 56
283 84 83
262 416 47
200 338 74
323 241 90
409 201 43
157 375 82
29 251 32
295 176 29
179 238 59
84 493 46
19 175 19
286 73 1
123 346 63
216 487 14
416 229 88
290 10 48
40 193 5
67 222 33
304 80 80
296 325 58
323 196 93
247 348 11
445 262 96
431 375 71
12 15 86
373 62 53
66 266 95
139 351 86
218 82 53
395 139 56
442 484 4
289 494 78
51 142 24
277 412 68
291 249 51
205 1 62
470 395 86
172 33 51
253 385 89
244 392 59
227 195 5
72 24 46
213 248 86
124 267 36
224 217 65
225 30 55
471 216 11
3 318 81
239 59 4
131 17 57
177 73 100
201 218 78
300 3 49
66 191 14
135 7 37
164 113 13
231 424 37
401 204 59
459 359 14
327 415 4
399 66 34
468 295 63
470 244 63
12 257 62
18 245 79
131 457 13
406 245 29
109 356 59
319 321 59
234 24 69
151 358 95
446 72 93
41 134 60
149 347 82
245 125 45
54 38 15
150 318 97
5 476 2
325 387 62
201 107 80
410 302 13
481 246 16
114 306 61
312 39 1
436 283 1
325 249 45
142 345 98
470 346 48
208 307 4
314 87 81
115 451 81
361 466 90
18 278 70
56 130 35
190 130 46
439 375 81
283 24 58
481 471 99
287 127 20
225 107 27
28 287 41
493 376 7
123 297 19
252 331 36
234 176 43
108 308 85
483 117 75
306 216 57
432 135 89
38 114 28
176 54 52
403 460 79
199 79 24
381 66 98
56 461 49
215 45 82
332 419 41
399 427 24
385 416 81
498 43 12
403 246 1
215 477 76
145 52 78
210 249 28
170 49 8
214 83 15
484 223 81
411 198 12
326 330 62
220 41 99
317 493 96
293 268 51
196 297 65
444 24 9
345 483 70
427 497 40
1 78 5
51 341 41
380 355 51
273 253 28
265 500 99
33 150 15
181 14 60
57 374 55
39 444 99
36 35 95
465 191 21
157 331 73
11 233 23
115 460 3
115 110 27
264 225 91
130 484 75
3 438 56
298 188 12
332 282 50
375 302 37
205 175 53
290 449 62
249 103 24
359 29 39
435 72 53
418 146 68
207 253 97
247 416 52
28 118 49
182 206 33
208 259 7
156 172 11
111 95 52
139 133 1
210 137 11
208 257 97
312 153 66
228 256 72
345 305 18
50 37 98
160 143 79
331 305 38
426 257 93
410 309 55
399 71 94
155 267 55
159 84 14
415 107 26
219 377 53
107 174 49
249 4 98
405 41 10
13 85 40
173 240 17
243 385 27
361 91 25
296 357 79
403 82 37
279 386 51
452 34 21
455 83 27
347 292 27
431 184 84
22 500 96
406 78 21
349 202 15
205 332 76
286 269 23
23 471 25
408 244 3
342 270 6
486 249 12
169 132 58
20 379 41
98 299 62
299 314 20
131 41 68
251 63 72
73 340 9
316 394 31
438 400 38
186 63 79
169 73 16
399 13 84
50 326 4
215 45 1
107 112 51
21 235 33
360 143 35
254 73 8
5 262 75
67 293 12
139 308 49
3 492 69
181 47 20
225 199 69
189 149 83
423 82 41
66 116 61
490 75 21
252 350 74
396 413 30
203 162 96
46 282 87
92 301 41
142 221 21
291 355 98
224 95 86
191 356 60
266 476 77
467 201 67
379 430 70
392 77 65
174 215 19
326 356 65
47 28 8
253 425 50
348 362 92
203 222 15
30 498 57
230 116 22
11 485 40
87 101 19
302 420 62
9 136 87
36 295 13
