7 39
5056 0 1 0 1 2 2 2 0 1 1 0 0 0 1
1473 2 2 0 2 2 2 2 1 0 1 1 1 1 1
6122 0 2 1 0 2 1 1 0 1 1 0 0 0 0
4423 0 2 0 1 0 2 1 1 1 0 0 1 0 0
922 0 2 0 1 2 1 2 0 0 1 0 1 1 1
3735 0 0 1 0 0 1 1 0 0 1 1 1 1 1
822 1 0 1 2 2 2 2 1 1 1 1 0 1 0
264 0 2 2 0 2 1 1 0 0 1 0 0 0 1
1678 2 2 1 0 0 1 1 1 0 1 1 1 1 1
9565 1 2 1 2 0 2 0 1 0 1 0 1 1 0
2534 1 2 1 2 0 0 1 0 0 1 0 1 0 1
6851 0 2 1 1 0 0 2 0 1 1 1 0 1 1
5640 0 1 2 0 0 0 1 1 1 1 1 1 0 0
4099 2 1 1 0 0 1 0 1 0 1 1 1 1 1
8645 0 1 2 2 2 1 1 0 1 1 0 1 1 1
9068 1 2 1 2 1 0 1 0 0 0 0 0 1 0
5368 0 0 1 0 0 2 2 0 1 1 1 1 1 1
6982 0 1 1 1 0 1 0 1 1 0 1 0 0 0
8848 0 2 2 1 0 1 0 0 0 1 0 1 0 1
9016 0 0 0 2 1 0 1 1 1 1 0 1 1 1
6888 0 2 1 2 1 1 1 0 0 1 1 0 0 0
8070 1 1 1 2 2 0 0 1 1 1 1 0 1 0
5130 2 0 2 0 1 2 1 0 0 1 1 0 0 1
898 1 2 0 1 0 1 2 0 1 1 0 1 1 1
7831 2 1 0 0 0 0 1 1 0 1 0 0 0 1
9293 0 1 2 1 2 2 2 1 0 0 1 1 0 0
6203 2 1 0 2 2 1 1 0 0 1 0 0 0 0
5434 1 2 0 0 2 0 0 1 0 0 1 1 1 0
7384 2 2 2 1 0 2 1 1 0 1 0 0 1 0
6585 0 2 2 1 2 2 2 0 1 1 1 1 0 1
4994 1 1 1 1 1 1 1 1 1 1 1 0 0 0
2570 2 0 1 1 1 0 0 1 1 0 0 0 1 0
7299 1 0 0 2 2 0 2 0 0 0 1 1 0 1
6763 2 0 2 2 0 1 1 0 0 0 0 0 1 1
440 1 2 0 0 2 2 1 0 1 1 1 0 1 1
7776 1 2 2 2 0 0 1 0 0 0 1 0 0 0
5737 1 2 1 0 1 1 0 0 0 1 1 0 1 1
9192 0 1 2 0 2 0 2 0 0 1 1 0 1 1
6135 0 1 1 2 2 1 2 0 0 0 0 0 1 1
6 4
8361 0 0 0 0 0 0 0 1 0 0 1 0
4783 1 2 2 1 1 2 0 0 1 1 1 0
561 2 0 1 1 1 0 1 1 0 1 0 1
8877 0 0 2 0 1 0 0 0 0 1 0 1
4 36
806 0 2 0 2 1 0 1 1
9769 1 1 0 0 0 1 0 0
9645 0 2 2 1 1 1 0 1
5261 1 1 2 2 0 0 0 0
537 1 0 2 1 1 1 0 0
4848 2 0 2 0 1 0 1 0
3243 1 1 0 0 0 0 0 0
5332 2 1 1 0 1 1 0 1
9903 1 2 1 1 1 1 0 0
2113 2 0 0 0 0 1 1 0
1981 1 1 0 2 0 1 0 0
6408 1 1 1 1 0 0 0 1
9874 2 1 2 2 0 0 1 0
2875 2 2 0 1 0 1 1 0
5421 1 1 2 2 0 1 1 0
258 1 2 1 2 0 0 0 0
5631 1 2 1 2 0 1 0 1
5833 0 0 0 0 1 1 1 0
6959 1 0 0 2 0 1 0 0
8571 2 2 2 2 1 1 0 0
5842 2 0 2 2 1 1 0 0
3710 0 2 0 2 0 1 0 0
9472 2 1 1 2 0 0 1 1
6040 0 2 0 2 0 1 1 0
5045 0 0 2 1 1 1 1 0
3714 0 1 0 2 0 1 1 1
6816 1 2 2 0 0 0 1 0
1455 1 0 2 0 0 1 1 1
9887 2 1 1 1 0 1 1 0
2957 0 2 0 0 1 1 1 1
7683 0 2 2 2 0 1 0 0
8901 1 0 0 2 1 1 0 0
8531 1 1 2 1 0 0 1 1
1690 2 2 1 2 0 1 1 0
7693 1 0 0 1 0 0 1 0
1439 0 1 1 2 1 0 0 0
7 42
8311 0 1 1 1 0 0 1 1 1 0 0 1 1 0
5278 1 1 1 0 2 1 1 0 1 1 1 1 0 1
9986 1 2 1 2 0 2 1 0 1 0 0 0 1 1
1012 2 2 1 0 2 2 1 0 1 0 0 1 1 1
8574 1 0 2 1 2 1 2 0 0 1 1 0 0 1
1680 2 1 2 1 0 0 1 0 0 0 1 0 1 0
4461 0 2 1 2 1 0 2 1 1 0 1 1 1 1
2009 1 0 0 1 0 1 2 1 1 0 0 1 0 0
7672 2 0 2 0 2 1 0 0 1 0 1 1 1 0
5744 2 2 2 1 0 1 1 1 1 1 1 0 0 1
8312 2 1 0 0 1 0 1 1 0 1 0 0 0 0
7600 1 0 0 0 1 2 1 1 1 0 1 0 0 0
759 2 1 1 2 0 0 1 1 1 1 0 0 1 1
8250 2 1 0 0 2 1 0 0 0 1 1 0 0 1
9038 1 1 0 1 2 1 2 0 0 0 1 1 1 1
2270 2 0 1 1 2 0 1 0 1 1 0 0 0 1
4427 1 2 2 0 1 0 0 1 1 0 1 0 0 1
1020 1 1 2 0 1 2 2 1 0 0 1 0 1 0
7532 1 1 0 2 2 1 0 1 1 0 1 0 0 0
5287 1 1 1 1 1 0 0 1 1 1 0 1 0 0
4497 2 2 1 2 0 1 0 0 1 1 0 1 1 0
136 2 2 2 2 0 2 2 0 0 1 1 0 1 1
7317 0 0 0 0 1 1 0 1 1 0 1 0 1 0
5656 0 1 2 0 0 1 0 0 1 1 0 1 1 1
9017 1 1 1 0 2 2 0 0 0 1 1 1 1 1
2128 2 0 1 0 1 1 0 0 1 1 1 0 1 0
6407 0 1 0 2 1 1 2 1 1 0 0 0 0 1
8792 1 2 0 0 1 1 2 0 1 0 0 0 1 1
2746 0 2 2 1 1 1 0 0 0 1 0 1 1 1
3019 0 1 1 1 2 2 1 1 0 1 0 0 0 1
6265 2 1 1 2 1 2 2 1 1 1 1 0 1 1
3721 1 0 0 2 0 0 0 0 0 0 1 0 1 1
9682 1 2 0 1 1 0 0 1 0 1 0 1 0 0
4022 0 1 0 1 1 0 1 0 0 0 0 0 0 1
2076 0 0 2 1 1 1 2 1 0 0 0 0 0 1
1671 0 0 1 0 2 0 1 1 0 0 1 0 1 0
5159 1 1 2 0 1 2 0 0 1 1 1 1 0 0
553 1 2 2 0 0 0 1 1 0 1 0 0 0 0
6197 1 2 2 2 0 2 2 0 1 1 1 1 0 0
3427 2 0 1 1 1 2 1 1 1 0 1 0 0 0
5585 0 0 1 0 1 0 0 0 1 1 1 0 1 0
8675 1 1 1 0 0 1 0 1 0 0 1 0 0 1
10 38
7715 2 0 0 1 1 0 2 0 1 2 0 1 0 0 0 0 0 0 1 1
7800 1 2 2 2 0 1 2 2 0 0 1 1 1 1 1 1 0 0 0 0
3503 2 1 2 0 1 0 2 2 2 2 0 0 0 1 0 1 0 0 1 0
7928 2 0 2 1 0 2 2 1 1 1 1 0 1 0 1 1 1 0 0 1
9557 1 2 1 0 2 1 2 1 1 0 1 0 1 1 1 1 1 1 1 1
1301 1 0 0 1 2 1 0 0 1 1 1 1 1 0 1 0 0 1 0 0
3272 0 2 2 0 0 2 2 0 0 0 1 1 1 0 1 1 0 0 1 1
4196 1 1 1 1 2 0 0 1 2 1 1 1 0 0 0 0 1 1 0 0
4525 2 0 2 1 1 2 1 1 1 2 0 0 1 0 0 1 0 1 1 1
4835 1 2 0 0 2 2 2 2 2 2 0 1 1 0 0 1 1 1 0 0
7929 1 2 2 2 2 1 2 0 1 0 1 0 1 0 1 1 0 0 0 0
9739 0 0 2 1 0 0 1 2 1 0 1 1 0 1 1 0 0 0 1 1
2471 0 2 0 0 0 0 2 0 0 0 1 1 1 0 0 1 0 0 0 1
3729 1 1 1 0 0 2 0 0 2 1 0 1 1 0 0 1 1 0 0 0
9550 2 0 1 0 1 1 1 0 2 0 1 0 1 0 0 0 0 0 1 0
448 2 2 0 0 1 2 1 2 0 2 1 1 1 1 0 1 0 0 1 1
1530 0 1 1 0 2 2 1 2 0 2 0 1 1 0 1 0 0 1 0 0
9888 1 0 2 1 0 2 0 0 1 0 1 0 0 0 1 1 1 1 1 1
2516 0 0 1 1 0 2 0 0 0 0 0 0 1 1 0 1 1 1 0 0
7617 1 2 0 2 1 2 1 2 0 1 1 0 0 1 0 0 1 0 0 0
1187 2 0 0 0 0 1 1 1 2 2 0 0 0 0 0 1 0 0 1 0
1421 1 0 1 2 1 0 1 0 0 1 1 0 1 1 1 1 0 1 0 0
8948 2 1 2 0 2 2 2 1 2 0 0 0 0 1 1 0 0 0 1 1
5699 0 0 1 1 1 1 0 0 1 1 1 1 0 0 0 1 1 1 1 1
7984 1 0 2 0 2 0 1 0 2 2 1 0 0 0 1 0 1 0 1 1
7066 2 2 0 1 0 2 0 2 0 2 0 0 0 1 0 1 0 0 0 0
3705 1 1 1 2 1 1 1 2 0 2 1 1 1 0 0 1 1 0 1 1
9089 2 0 0 1 0 0 0 1 2 2 0 1 1 1 0 0 1 1 1 0
9766 0 1 0 0 0 1 1 0 2 2 0 0 1 0 0 0 1 0 1 0
6048 0 2 0 0 0 2 0 1 2 0 1 0 0 0 0 0 1 0 1 0
4789 2 0 1 0 2 2 0 2 0 0 1 1 0 1 0 1 0 0 1 1
3131 1 0 2 1 2 2 2 1 1 1 1 0 1 0 0 0 0 1 1 1
2460 1 1 1 1 2 2 2 1 1 0 0 1 1 0 0 0 1 0 1 1
3287 0 1 1 1 0 2 1 1 1 0 1 1 1 0 0 0 1 1 1 0
5344 1 1 2 0 2 0 0 0 0 1 1 1 1 1 0 0 1 0 0 1
7950 0 2 2 0 1 0 1 1 1 2 1 1 1 0 1 1 0 0 0 1
2027 1 0 1 0 0 0 0 2 2 0 0 1 0 0 0 1 1 0 1 1
4340 1 1 2 1 2 2 2 1 1 0 0 1 0 1 0 1 1 1 0 0
8 9
8754 1 2 1 0 0 2 0 0 0 1 1 1 1 0 0 1
9310 0 2 2 2 1 0 0 0 1 1 1 1 1 0 1 1
9594 2 1 2 1 1 0 0 1 1 0 0 0 0 1 1 0
7786 1 0 2 1 0 0 0 2 1 1 1 1 1 0 0 0
674 0 0 1 2 2 1 1 0 0 0 0 1 1 1 1 0
7444 0 1 2 2 1 1 0 1 0 0 0 0 0 1 1 0
8181 1 0 1 2 0 2 1 1 0 0 1 1 1 1 0 1
8551 0 1 2 2 2 2 0 0 0 1 0 0 0 1 1 0
4861 0 0 0 1 1 2 2 1 1 0 1 1 0 0 0 0
5 13
8410 1 0 1 1 2 0 1 0 0 0
855 2 1 0 0 2 1 0 1 0 1
5815 0 2 0 2 2 1 1 0 0 0
1240 2 0 2 2 2 0 1 0 1 0
6259 2 2 0 1 0 0 0 1 0 1
5701 2 1 0 2 1 1 0 0 0 0
7895 0 1 2 2 2 0 1 1 0 0
4123 1 2 1 0 2 1 0 0 1 1
3486 2 2 1 0 1 1 0 0 1 0
5085 1 1 1 2 0 1 1 1 0 0
7951 0 2 1 0 1 1 0 0 0 1
8462 1 1 1 2 0 0 0 1 0 0
8361 1 1 1 2 1 0 1 0 1 1
8 7
9323 1 0 1 2 1 1 0 2 0 1 0 1 0 1 0 1
478 2 2 1 1 2 0 1 0 0 0 1 0 1 1 0 1
3504 0 0 2 0 0 2 1 2 0 1 0 0 0 0 0 0
5847 1 1 1 2 0 0 2 1 0 0 1 1 1 1 0 0
1724 1 1 2 1 2 0 1 0 0 1 0 0 1 1 1 0
7319 0 2 1 1 0 0 0 0 0 1 1 0 0 0 0 1
5281 2 0 1 1 0 2 0 0 0 0 0 0 0 1 1 1
6 16
8905 2 2 0 1 0 0 0 0 1 0 0 1
70 0 0 1 1 1 2 1 1 0 0 1 1
1161 2 2 0 1 1 2 1 1 1 1 1 0
5576 2 1 1 1 0 1 1 1 0 0 0 1
4193 2 0 1 2 2 1 1 0 0 0 0 0
9032 0 1 2 0 1 2 1 0 0 0 0 0
2416 2 2 2 2 1 1 1 1 0 1 0 0
9119 0 0 0 1 0 1 1 0 1 1 1 1
754 0 0 2 1 1 1 0 0 1 1 0 1
4574 2 0 0 0 1 1 0 0 0 0 0 1
6591 2 0 0 1 0 1 1 1 1 1 0 1
3017 1 2 1 2 0 0 1 1 1 1 0 1
2738 1 2 2 0 1 1 0 0 0 0 0 0
4898 0 2 0 0 0 1 0 1 0 1 1 0
2442 0 2 1 1 1 1 0 1 1 0 1 0
3801 2 2 1 1 0 1 0 0 1 0 1 1
3 15
8705 2 2 0 0 1 1
5521 0 1 0 0 0 0
9738 0 0 2 1 0 0
9080 2 2 0 1 0 1
5528 2 2 2 0 1 0
6689 0 0 1 0 0 1
5165 0 1 2 0 0 1
9677 2 1 1 0 0 0
3610 0 2 2 1 1 0
5138 2 2 2 0 1 0
7822 2 2 2 0 0 1
4275 2 1 0 0 1 0
3645 1 0 2 0 1 0
3001 2 0 1 1 0 0
8683 1 2 1 0 1 1
