120
400 11
569 96
912 199
591 733
99 142
442 603
389 382
492 990
645 974
436 237
748 256
531 339
62 409
2 452
758 976
795 669
504 828
460 984
47 452
264 212
96 673
658 500
529 182
24 108
861 431
122 594
20 538
788 501
325 461
300 334
93 919
923 115
70 312
745 885
591 816
645 837
955 122
814 776
654 124
691 117
748 38
17 169
949 975
152 738
184 310
821 7
972 637
77 787
23 283
290 368
489 367
504 416
508 834
440 253
867 829
973 108
435 403
530 237
548 541
183 754
600 684
287 678
672 394
68 277
368 839
689 981
48 57
755 319
213 480
484 191
738 117
712 338
493 803
465 749
816 499
149 553
801 107
779 395
380 120
813 308
252 669
23 203
642 241
665 495
343 52
744 966
801 920
793 882
126 978
261 289
76 676
497 309
15 118
362 771
163 34
622 662
876 448
445 260
146 769
178 92
678 35
670 350
631 910
212 644
946 206
288 794
540 913
319 973
86 884
471 882
480 479
858 99
120 361
168 388
368 728
54 671
797 548
657 856
946 673
901 439

188
173 345
770 500
187 949
213 173
215 962
765 776
91 485
658 693
882 833
998 381
556 29
531 646
777 856
879 604
736 13
146 849
90 601
285 897
584 848
592 478
731 933
152 527
913 507
360 436
613 133
224 839
986 260
892 392
650 178
768 315
700 172
284 888
494 280
476 550
202 919
380 573
363 801
551 144
360 653
411 500
670 879
15 613
415 802
841 475
663 745
9 980
455 348
659 547
483 977
572 281
297 657
597 358
320 65
372 157
647 39
706 133
753 804
723 513
122 233
250 744
25 81
623 333
148 806
187 435
60 582
513 515
937 806
627 730
188 39
351 229
654 837
685 901
990 840
324 588
252 242
403 207
473 224
749 805
990 716
831 790
249 371
973 879
930 730
799 781
892 523
670 925
775 236
479 192
23 400
293 386
880 868
964 723
830 845
994 892
209 92
999 82
470 82
862 379
444 803
894 122
380 784
408 737
166 445
612 396
794 92
376 717
513 351
857 510
731 983
87 729
974 157
311 259
762 319
84 534
880 556
147 193
916 97
344 55
809 245
12 3
867 580
481 694
728 229
460 94
685 820
4 698
385 876
365 459
917 388
886 562
414 336
405 702
901 563
322 756
927 163
202 655
995 454
193 674
806 454
813 632
50 525
905 883
663 124
180 512
346 596
270 11
219 900
37 594
452 926
618 70
54 39
754 89
196 361
728 167
821 317
123 229
285 473
392 142
117 742
832 245
902 536
75 762
461 269
617 210
328 787
518 896
593 39
73 762
730 142
306 791
530 466
387 530
366 629
853 700
353 864
637 565
991 353
755 874
799 517
999 175
627 406
791 325
909 811
761 14
601 944
444 760
787 937
311 304

130
205 708
893 876
699 786
300 779
679 695
777 262
182 974
287 49
800 35
90 75
273 74
300 738
885 895
65 70
358 353
682 98
934 40
487 718
709 108
950 645
160 942
536 548
576 188
888 611
245 337
717 928
164 718
677 625
139 766
354 63
32 337
988 848
471 573
756 807
962 528
37 467
369 899
951 857
460 489
177 28
152 343
197 279
404 550
507 208
542 46
117 401
539 875
787 694
850 665
221 74
7 243
162 154
978 324
514 486
898 802
938 866
329 336
780 4
16 474
585 908
155 73
356 5
436 82
212 964
373 982
597 591
771 643
43 638
68 135
605 583
762 560
862 19
224 151
427 981
327 232
747 664
855 825
446 31
778 226
251 765
682 94
270 538
295 500
266 897
594 244
93 999
818 784
138 886
44 867
204 822
63 921
148 898
518 271
535 462
868 77
941 356
319 426
85 150
866 88
216 920
695 598
786 441
189 582
246 319
657 418
713 936
390 85
52 873
892 778
247 681
995 114
727 458
950 618
807 560
558 812
302 455
522 595
708 714
182 621
843 823
789 557
789 746
368 763
543 287
561 325
170 750
35 547
262 367
548 196
635 959

31
88 196
689 631
267 61
407 211
817 784
763 996
739 262
189 782
220 49
809 201
217 885
612 989
400 912
898 204
466 948
469 542
733 839
87 537
207 116
916 254
684 656
207 715
826 28
550 202
350 169
484 117
589 513
123 252
189 819
626 68
220 814

158
81 122
95 24
606 9
949 236
580 779
54 695
238 73
115 125
869 538
577 128
460 361
554 523
855 552
959 797
526 366
590 235
438 293
666 692
600 259
64 808
765 693
640 945
221 635
231 712
966 73
510 775
461 577
196 337
963 541
756 746
505 603
552 518
554 150
481 731
731 517
501 970
186 727
844 761
907 508
645 619
914 236
834 110
932 523
538 267
910 150
567 934
109 998
60 860
796 877
201 385
306 448
464 97
53 294
234 64
283 598
312 748
73 47
731 805
90 747
360 966
421 475
530 674
53 231
685 735
477 309
140 199
939 674
69 283
745 915
917 358
93 740
853 835
48 185
673 93
518 269
549 650
281 717
193 346
338 981
627 237
238 498
557 756
91 272
436 76
621 184
836 389
258 43
714 565
427 535
290 752
378 573
119 669
179 632
655 670
913 781
842 759
381 887
945 569
162 469
274 418
39 126
282 703
520 15
453 166
884 325
411 954
71 426
348 136
909 849
257 615
127 658
633 50
421 204
180 485
308 972
418 644
560 609
360 522
955 299
800 967
344 23
681 385
634 754
449 227
192 308
186 234
909 242
10 205
570 284
379 216
671 564
984 361
647 971
777 244
26 474
605 444
58 411
983 676
224 722
905 140
476 614
251 464
565 524
275 995
534 594
417 332
484 659
984 336
533 138
101 52
719 345
960 536
763 250
136 324
875 866
841 981
39 644
715 262

7
926 941
803 774
131 851
639 382
159 349
137 755
681 535

154
178 919
714 822
582 806
337 92
290 589
713 155
732 652
721 580
567 529
118 129
292 109
699 233
643 616
257 135
165 234
778 319
668 568
458 247
366 47
752 159
477 98
743 183
56 662
762 833
154 889
976 516
431 986
645 608
403 590
550 108
67 410
901 511
651 605
85 18
578 603
515 922
571 333
298 213
185 560
855 130
861 584
31 991
472 932
637 826
179 552
917 549
215 735
586 21
499 830
386 606
907 80
449 90
721 673
772 306
985 616
737 848
636 105
933 468
88 800
170 353
736 29
724 355
260 368
981 967
93 98
325 454
751 807
504 584
52 874
768 883
18 190
258 473
830 161
592 46
391 642
592 371
397 297
720 719
313 735
546 696
164 707
734 256
4 163
840 238
685 280
995 852
363 237
518 41
615 806
714 702
533 69
534 41
733 824
539 244
778 455
364 995
385 454
735 298
688 60
834 917
285 682
769 711
795 342
126 843
60 543
436 325
419 508
263 52
406 169
510 521
641 574
718 615
342 929
381 615
347 991
700 227
732 984
521 568
333 619
724 480
950 538
685 267
797 779
539 285
754 112
532 289
727 635
188 715
133 604
651 910
561 293
749 456
651 104
254 486
349 852
931 874
394 173
203 212
789 797
435 972
157 217
929 236
863 542
964 83
732 867
721 675
150 749
465 180
109 287
469 2
229 664
556 69
258 828
141 710

98
815 290
263 343
929 367
647 269
568 732
328 348
512 752
933 422
670 546
421 316
985 609
565 838
32 519
975 24
469 772
405 923
703 895
501 576
615 952
210 640
886 854
812 88
495 54
962 722
249 627
891 768
982 507
697 299
846 133
686 746
92 183
698 783
269 582
757 29
800 926
470 216
350 7
692 324
83 65
710 882
227 485
607 102
974 696
59 972
56 998
506 189
613 981
696 863
416 780
73 211
288 838
760 295
55 982
404 79
506 184
257 899
835 228
759 980
143 503
759 618
488 250
420 541
193 385
568 506
595 735
721 589
380 431
233 653
915 108
263 553
330 948
290 344
353 818
585 567
102 200
412 104
872 667
327 643
175 879
603 27
773 790
385 458
180 592
481 464
737 773
92 560
181 209
28 987
952 762
793 480
426 779
519 156
822 247
267 885
853 723
709 472
197 304
488 47

46
86 806
210 540
469 670
818 745
217 62
141 269
965 228
626 530
220 901
679 623
699 584
213 842
920 199
560 890
924 468
594 878
262 324
92 789
66 460
512 249
397 160
482 510
822 624
837 36
211 910
639 118
461 645
497 827
737 798
376 667
517 362
551 584
758 302
72 53
764 801
523 404
876 5
924 542
504 724
784 453
78 541
774 440
857 148
377 198
39 913
140 748

27
316 21
61 703
299 120
599 25
794 998
270 155
439 310
245 419
869 415
675 894
426 367
777 77
280 12
168 567
151 598
709 891
325 399
995 649
525 340
674 519
166 415
473 228
100 291
817 38
139 959
926 768
68 352

0
