12
5 21
8 27
4 14
3 12
1 24
7 26
9 7
3 27
4 24
3 21
1 18
7 2
16
5 28
1 5
3 16
5 2
5 5
3 7
6 17
6 28
4 8
1 15
1 17
9 22
2 10
7 29
9 8
3 11
19
7 3
6 2
7 15
4 28
9 7
4 17
1 6
2 16
3 8
6 10
8 18
4 24
7 18
2 19
3 23
8 12
6 11
4 14
5 20
8
1 15
4 6
1 7
3 15
4 20
5 9
1 6
9 14
10
9 24
5 26
2 4
5 9
8 3
4 3
8 25
3 8
8 3
2 26
11
1 19
7 18
4 4
8 5
8 27
7 12
5 2
3 15
1 13
9 21
4 11
15
4 3
9 18
5 21
9 19
7 23
1 27
2 21
6 22
6 14
2 26
9 21
7 27
7 26
1 14
3 19
9
4 5
3 23
3 26
5 13
2 23
2 11
2 24
8 10
9 8
6
6 28
5 6
7 2
1 22
5 3
9 2
8
3 30
8 26
7 4
9 23
9 24
6 19
6 24
2 14
3
1 20
8 14
4 27
4
3 19
6 6
3 12
5 19
0
