666
2
92 93
3
57 42 75
8
48 24 11 76 49 84 82 51
8
23 34 1 54 71 57 2 3
1
54
8
23 97 93 39 52 88 43 5
3
62 11 56
3
91 37 89
8
22 59 98 84 61 3 36 51
8
38 48 87 99 35 22 27 46
4
77 64 60 43
4
81 96 3 69
7
36 99 100 81 38 64 46
4
49 14 52 83
6
52 35 97 43 70 59
6
87 37 91 75 57 93
3
88 85 76
9
51 52 40 99 62 42 94 38 21
9
92 15 69 67 14 87 27 22 71
6
61 25 98 62 100 46
8
84 38 24 27 21 87 83 39
4
91 81 1 22
7
26 15 82 38 23 52 100
4
30 74 49 76
7
19 49 71 16 96 14 5
2
54 98
6
67 16 46 86 88 33
8
94 78 26 61 38 35 98 57
9
62 31 1 54 25 92 61 82 68
1
12
5
1 89 26 45 38
7
9 98 96 97 85 48 88
7
65 2 93 85 57 60 99
7
36 99 1 25 7 23 86
1
53
6
16 82 81 55 13 89
9
65 36 7 9 84 55 42 99 38
2
88 5
9
73 99 8 19 40 51 14 95 31
1
11
9
1 85 45 34 10 79 86 58 100
7
83 51 70 100 25 80 53
6
35 76 73 90 99 74
6
26 25 70 91 86 30
6
37 61 98 9 5 51
10
63 2 12 90 13 68 19 89 70 25
9
94 41 44 11 98 97 42 90 96
5
84 49 35 2 98
5
58 72 88 44 70
7
41 92 65 74 58 14 67
7
43 21 93 76 32 81 88
2
84 7
10
18 59 46 14 60 41 16 93 83 89
8
11 27 10 98 23 58 5 84
9
71 57 18 12 92 65 53 41 27
2
81 90
7
41 88 73 24 44 34 20
8
60 12 16 62 55 81 90 52
4
20 23 73 38
6
93 13 50 55 47 46
4
33 4 67 81
2
54 4
9
17 85 34 67 46 4 21 55 13
4
12 55 6 85
1
64
9
59 9 64 11 10 89 4 66 54
2
73 38
1
20
6
7 25 8 86 77 22
4
97 5 76 38
1
52
8
57 79 46 77 14 58 5 51
9
45 3 4 77 62 84 58 34 57
4
100 62 90 18
9
85 36 72 16 57 62 61 24 14
8
24 58 72 26 42 94 89 61
2
50 66
8
28 49 67 36 42 31 73 16
8
63 47 95 89 32 42 40 31
10
29 18 83 20 28 11 27 72 80 92
6
56 87 7 47 26 52
5
51 83 4 91 22
10
80 6 37 39 84 68 91 20 26 87
1
14
5
4 68 26 14 91
8
33 13 67 39 23 25 90 63
2
65 41
2
1 62
10
42 15 80 94 22 99 84 14 79 43
1
51
2
57 8
2
83 72
5
75 43 37 66 95
7
49 69 99 51 41 28 31
9
11 18 64 57 2 50 33 32 96
8
41 78 58 93 63 46 91 98
7
26 3 100 4 30 78 53
9
46 54 13 31 74 56 100 94 84
2
4 31
9
34 4 69 23 10 71 3 43 20
1
34
6
81 64 37 5 49 11
2
58 85
5
82 42 71 18 7
5
15 18 76 71 62
1
23
10
13 9 73 79 99 92 87 43 36 32
4
28 15 21 62
8
28 63 50 62 45 94 65 2
4
100 77 15 78
4
16 79 22 30
9
63 64 79 5 89 57 69 41 90
5
11 85 31 70 4
4
73 71 53 29
1
52
2
16 23
3
78 76 94
6
37 11 57 52 40 25
9
16 65 38 87 98 14 68 61 2
5
71 11 26 41 75
7
60 8 22 15 39 19 18
8
34 43 29 26 64 94 15 10
10
72 47 96 6 24 22 58 42 1 94
3
3 29 41
4
48 1 32 11
9
12 48 13 93 30 24 14 5 43
2
76 31
4
83 24 84 46
5
92 79 7 83 23
10
87 44 28 98 97 24 86 11 22 72
3
67 55 44
1
58
5
59 35 81 85 80
2
92 7
5
22 86 91 3 37
5
15 11 9 54 65
2
97 82
1
53
7
33 100 30 74 46 65 54
10
92 15 36 4 6 5 43 44 33 89
8
48 87 38 24 55 49 33 77
4
88 16 48 95
6
46 76 15 62 11 30
6
95 61 46 41 84 47
9
47 41 44 95 40 68 99 1 73
1
88
10
66 5 70 81 67 64 50 13 27 44
9
76 77 33 53 13 24 69 34 52
2
79 100
9
46 59 8 64 41 79 58 71 45
10
54 39 47 94 55 93 30 83 14 44
1
65
2
75 6
6
95 99 51 10 15 50
6
27 68 5 57 62 76
2
59 52
2
5 25
8
100 31 44 85 34 20 36 30
6
25 86 35 61 78 88
1
1
1
26
2
63 4
9
49 50 40 94 85 18 10 57 11
9
60 57 70 19 30 97 36 52 6
4
26 62 91 35
3
32 39 41
3
39 43 28
6
71 14 40 60 77 58
6
74 79 85 71 94 47
9
66 91 31 33 3 77 53 87 4
2
15 39
1
20
9
48 75 16 43 66 86 95 100 29
9
31 53 79 93 2 80 97 7 30
2
7 11
2
93 44
4
62 63 81 22
4
24 93 72 100
10
90 20 60 95 32 18 40 61 17 36
3
69 60 35
2
71 23
3
24 13 91
6
37 8 24 6 98 34
2
97 89
8
94 54 62 100 61 9 64 55
7
88 42 91 55 23 67 54
7
97 13 58 82 49 16 22
6
75 56 19 78 85 31
9
77 93 65 64 81 30 95 100 34
10
60 28 24 56 22 7 57 34 30 97
8
53 83 74 76 34 97 62 6
8
4 59 29 45 18 32 8 12
4
7 22 91 61
7
53 91 72 98 87 29 5
10
18 58 39 9 84 80 44 19 68 25
9
60 98 6 87 93 64 21 29 76
9
70 68 51 50 32 40 19 23 20
1
64
8
93 27 40 20 60 80 72 3
6
57 93 50 90 43 29
10
11 90 9 32 66 41 18 23 85 36
9
9 13 90 11 68 1 47 38 39
7
97 22 92 7 79 51 74
3
46 67 13
8
21 54 34 42 11 41 58 83
10
2 15 30 35 95 92 10 82 58 64
10
71 99 84 72 94 25 98 90 47 81
10
76 100 5 98 50 47 34 83 4 43
7
37 64 77 93 54 98 62
5
44 81 19 69 62
3
85 51 55
3
89 26 39
4
12 20 60 45
10
44 76 61 60 96 13 37 57 47 18
10
41 62 100 40 39 87 19 53 32 69
9
5 49 42 27 87 32 67 75 13
4
7 10 46 69
3
25 27 80
2
12 28
10
92 56 40 75 26 13 58 23 5 15
9
52 91 59 31 99 43 44 30 68
1
66
8
20 77 47 96 41 53 42 3
6
71 87 75 62 63 60
3
98 24 80
7
77 96 100 72 92 68 30
4
82 71 54 56
4
30 78 99 58
10
74 4 98 10 50 96 82 88 66 52
1
34
5
38 77 81 97 57
6
12 84 54 24 71 80
2
92 84
3
54 65 27
4
75 56 53 73
10
64 72 10 41 71 54 92 82 47 19
6
14 45 90 10 29 3
6
28 7 20 98 73 30
9
56 96 67 41 36 28 77 21 52
2
82 86
4
53 17 16 74
7
82 47 70 87 9 58 31
10
49 9 43 96 84 23 64 79 99 87
10
29 49 12 83 82 72 18 92 44 2
4
39 54 32 91
2
14 35
1
15
10
50 76 97 32 79 28 68 43 86 35
4
22 44 79 80
5
46 59 17 15 45
4
30 52 72 28
7
81 69 71 21 3 34 91
1
42
1
36
7
86 66 69 49 59 51 53
2
41 42
8
86 28 83 66 48 6 69 65
7
84 68 22 77 3 98 43
1
19
2
96 75
1
84
8
31 96 32 45 17 34 1 40
10
76 81 31 35 91 28 34 5 1 48
5
41 30 63 86 39
5
45 22 54 70 61
5
59 12 38 55 32
7
41 90 99 86 2 69 75
1
65
9
13 33 94 5 44 15 77 86 18
6
20 77 84 97 95 36
3
38 88 34
5
53 22 18 81 54
7
64 97 53 58 74 36 67
3
10 81 93
8
45 58 72 30 77 39 57 60
4
47 55 42 39
8
14 51 86 68 46 22 65 53
7
83 85 66 18 73 13 61
4
34 69 92 46
1
79
1
90
7
72 86 70 25 97 80 65
7
11 46 34 36 91 86 52
8
35 82 69 80 31 65 50 95
1
37
8
51 92 37 78 91 38 13 95
1
19
4
6 36 8 13
1
79
2
42 75
1
55
2
100 88
2
93 2
1
14
10
53 8 71 92 27 54 3 79 63 75
7
85 22 30 49 31 45 1
5
17 75 37 51 46
6
97 13 21 100 20 63
10
29 7 89 84 65 93 3 23 80 56
6
25 43 66 54 73 79
3
61 95 87
7
17 27 4 65 61 60 72
7
17 71 73 97 21 57 45
10
48 76 39 5 44 6 99 87 96 10
10
67 66 89 44 10 43 68 23 18 15
5
17 11 75 87 91
9
38 84 78 20 5 65 35 33 55
2
90 45
5
68 1 25 44 94
6
76 82 43 63 68 57
3
42 43 23
10
95 12 91 5 26 84 59 65 96 97
10
21 22 100 72 32 24 82 95 77 89
4
21 27 59 11
8
53 3 37 60 67 84 21 41
7
17 29 61 54 79 9 52
5
93 21 87 8 15
5
40 41 50 11 20
2
5 45
9
70 21 87 41 49 92 63 27 80
2
91 90
4
88 59 38 78
9
35 96 41 15 75 33 45 40 8
2
47 35
2
43 71
10
53 79 28 78 14 72 11 56 23 46
7
37 44 68 71 41 8 19
6
39 89 88 11 76 12
1
12
8
49 89 91 25 28 2 96 24
10
47 70 68 27 8 37 75 17 82 6
1
54
7
66 25 6 47 74 100 87
3
48 68 60
6
55 74 92 67 93 52
3
32 59 60
1
49
5
83 93 59 1 72
9
60 99 73 49 2 72 47 63 76
7
22 13 4 34 64 73 32
3
87 58 99
3
84 79 89
1
37
8
16 71 9 6 25 97 22 32
6
10 93 6 21 8 79
7
99 79 85 71 76 87 18
3
78 5 88
9
4 60 33 1 46 79 99 16 37
3
50 7 26
1
73
6
66 53 97 36 94 29
5
89 28 2 18 90
7
60 75 50 70 31 73 79
7
100 51 53 20 89 46 28
3
9 90 63
7
15 46 47 35 85 78 69
8
83 51 65 72 95 79 7 73
5
81 34 5 95 96
5
65 13 43 25 27
10
31 55 21 9 83 99 2 64 57 96
9
86 44 3 54 81 25 5 98 55
5
41 5 46 37 32
6
15 14 28 90 68 98
2
43 33
10
81 37 14 86 48 46 50 2 89 36
10
68 23 60 31 62 29 12 97 90 9
4
54 57 44 98
2
38 93
7
40 67 94 46 83 19 11
7
43 20 42 50 11 99 38
10
74 7 60 38 66 10 59 33 14 63
6
75 4 46 86 30 25
6
41 61 90 94 81 49
9
81 29 37 98 46 38 59 41 84
2
91 89
4
76 50 8 10
4
74 26 57 82
2
2 30
3
97 3 38
9
98 39 61 4 99 35 32 74 30
6
14 77 85 24 81 32
3
86 88 26
4
84 25 50 6
8
73 70 92 78 85 24 33 2
3
57 64 98
8
73 90 14 3 7 8 24 55
10
52 85 88 13 64 57 81 82 35 94
8
72 4 57 69 53 68 88 33
8
99 85 9 51 94 2 80 29
3
46 25 99
2
84 54
10
5 34 80 98 42 26 22 62 39 23
1
97
10
65 32 93 34 15 54 99 72 35 82
1
92
2
40 84
1
15
8
21 19 60 57 51 58 67 87
5
20 7 84 93 64
3
16 15 65
10
94 69 9 3 67 55 95 87 48 63
3
20 41 57
10
7 60 1 17 9 5 86 57 95 58
2
60 80
2
52 6
9
84 48 35 100 63 9 62 80 78
4
98 92 40 31
3
97 74 49
3
48 79 76
7
51 90 38 73 81 82 72
4
41 13 12 55
7
97 96 3 33 2 43 58
7
69 67 75 63 94 29 92
6
81 98 24 13 41 27
2
17 45
1
87
5
32 97 18 99 62
7
60 28 49 84 79 22 23
2
67 71
5
11 56 81 33 64
7
15 73 9 19 65 54 97
6
24 84 3 33 2 30
2
50 24
8
55 32 19 15 63 75 4 21
7
61 24 89 67 98 58 28
9
21 65 5 46 95 91 18 60 83
4
38 53 12 75
5
3 82 100 61 48
3
9 66 50
7
88 29 6 46 77 83 76
2
69 17
8
43 74 46 85 95 29 9 91
8
49 74 25 83 24 76 23 69
5
46 36 17 3 80
1
75
4
51 90 82 22
1
20
6
92 79 90 62 2 53
7
32 80 36 51 18 52 22
7
50 83 30 78 86 70 12
5
41 16 36 11 73
2
31 29
7
29 27 53 77 78 57 47
2
15 55
8
19 56 50 86 98 10 17 83
1
39
3
57 73 67
9
92 49 10 30 13 66 94 61 98
1
97
10
3 71 6 44 67 34 33 61 64 28
9
94 77 49 43 6 30 56 20 72
4
80 64 5 98
8
80 51 41 27 93 29 91 90
10
80 12 60 96 11 31 28 5 77 19
7
38 79 10 83 75 54 15
5
59 56 71 83 21
6
93 17 63 5 21 89
7
28 13 64 33 52 96 4
7
100 15 65 17 22 47 7
2
12 82
9
79 92 78 63 10 55 35 5 80
3
36 81 61
1
38
1
19
6
92 39 26 55 76 48
3
65 6 72
9
66 40 88 49 8 48 96 14 25
4
69 93 71 34
6
70 88 96 54 77 50
1
83
2
14 88
9
90 88 79 59 76 21 69 38 75
7
97 60 19 4 48 62 18
6
55 26 70 23 39 47
2
20 7
8
58 83 7 48 21 82 81 71
10
47 11 34 77 6 75 52 46 25 7
2
98 45
1
33
6
22 60 41 17 52 25
2
87 70
7
36 17 7 34 99 65 45
4
37 3 79 44
10
41 44 97 32 19 25 15 96 33 2
7
49 55 18 32 38 71 50
6
54 87 81 48 28 37
5
7 85 48 58 69
3
11 89 88
5
89 71 49 88 67
2
47 53
4
59 37 90 48
10
51 85 76 55 9 98 79 72 53 56
6
69 36 80 75 45 67
3
5 7 40
1
90
3
96 69 91
2
27 94
1
69
6
71 16 38 14 74 33
1
2
4
12 10 47 95
10
29 83 5 65 75 21 42 74 31 40
2
64 15
7
51 19 55 60 13 81 42
10
96 8 12 78 30 92 97 40 50 75
10
14 18 50 43 27 40 85 42 22 2
7
83 14 95 93 42 18 59
2
20 93
3
36 71 38
8
23 39 31 14 6 85 12 99
4
8 38 14 95
7
83 43 66 2 85 34 63
5
92 69 98 94 6
6
4 33 70 47 37 49
9
61 74 54 39 41 90 53 33 15
10
19 14 84 68 2 57 73 15 8 99
1
67
1
2
4
28 34 39 57
8
85 21 42 58 32 35 13 95
6
25 7 91 65 3 77
1
58
4
40 18 26 70
1
68
2
40 88
5
58 5 23 40 7
6
72 45 80 79 52 48
6
78 22 94 40 52 43
8
48 28 30 6 81 95 17 47
3
70 50 26
9
8 72 83 20 63 6 75 67 88
7
49 73 46 65 13 66 91
7
41 46 89 52 100 88 22
3
32 37 44
6
75 87 31 47 100 50
3
100 18 53
6
63 71 16 40 54 86
1
33
6
80 78 31 66 82 23
10
31 1 100 84 80 49 22 56 38 95
2
81 34
3
34 70 93
2
28 39
2
41 75
7
4 6 55 54 92 1 56
2
87 32
1
38
8
53 49 93 50 73 1 47 11
9
55 86 23 37 81 28 39 11 30
2
61 15
7
23 79 24 19 86 28 72
7
84 98 71 22 79 23 17
2
46 72
7
96 24 12 53 18 61 55
6
56 25 42 74 94 67
4
71 7 20 32
1
78
8
48 99 39 67 31 87 95 34
6
34 47 79 33 28 95
3
29 22 61
2
17 11
8
90 83 16 46 96 11 51 17
9
14 64 36 63 43 68 42 4 82
4
57 98 52 39
2
95 35
7
37 7 70 18 88 28 78
3
41 77 35
3
93 62 96
7
11 81 76 14 58 10 91
2
51 34
4
57 69 4 86
1
13
10
85 68 91 96 51 55 94 74 1 78
8
48 25 27 46 85 96 37 75
1
24
7
7 94 48 50 9 88 47
4
99 92 69 16
3
83 6 49
3
28 5 18
5
95 26 40 51 52
7
47 63 66 14 100 95 49
1
3
7
54 5 65 73 53 98 37
6
13 98 51 39 31 33
1
82
5
35 85 57 87 73
8
73 27 64 72 76 43 95 50
6
30 62 64 63 90 84
9
26 56 70 58 63 62 53 21 15
1
67
4
50 51 87 30
9
76 66 45 98 29 95 30 44 4
8
20 92 17 30 89 29 34 46
9
4 75 45 53 46 84 2 57 97
7
4 68 17 69 7 25 90
8
18 25 58 29 11 63 100 46
3
95 92 16
7
52 8 3 54 31 21 42
9
50 83 78 34 35 75 26 95 90
9
78 96 73 14 54 20 18 45 59
6
57 64 1 89 17 58
5
90 66 76 86 68
7
95 71 89 34 38 87 13
7
16 45 6 2 36 63 23
4
65 62 16 24
9
74 72 23 13 29 58 16 79 80
10
87 90 65 79 60 69 40 44 38 95
6
54 46 86 15 65 72
2
87 64
3
17 93 30
2
96 35
4
11 28 84 31
3
32 16 61
3
50 39 69
9
15 16 71 25 21 96 72 30 75
4
12 5 60 76
10
78 35 89 82 41 47 2 29 81 23
6
25 1 9 4 97 55
3
7 78 8
6
14 7 86 19 62 33
8
42 51 41 80 37 27 3 59
8
44 93 75 12 99 69 45 87
3
56 70 84
3
100 4 8
1
61
3
88 59 79
4
28 24 47 86
4
39 82 95 15
10
52 14 96 39 67 70 51 23 27 66
10
19 58 21 25 74 43 41 30 24 97
3
4 23 33
6
15 34 43 39 71 70
7
12 34 85 60 42 84 28
5
97 95 39 51 13
10
31 11 62 32 97 91 84 8 3 50
7
80 82 76 70 94 75 89
4
71 63 89 92
6
66 93 82 74 1 27
1
8
6
1 23 28 72 13 61
4
31 15 25 89
9
61 2 45 90 25 13 21 24 43
3
17 98 25
4
67 78 60 23
6
4 94 99 67 20 80
7
5 4 63 60 82 87 72
4
27 68 10 41
6
81 39 90 92 76 37
7
80 53 94 81 89 31 44
8
76 78 68 94 80 56 99 91
1
20
6
14 15 71 100 16 49
4
13 84 5 46
4
48 64 29 98
10
55 27 99 19 23 100 36 80 14 9
2
32 97
1
76
3
90 25 18
2
34 28
5
86 69 23 99 1
5
19 99 30 50 100
2
86 12
10
2 33 50 25 11 43 31 7 56 22
8
97 19 100 37 13 79 6 68
8
16 60 11 42 33 32 45 70
6
62 17 85 25 5 53
