20
55
354 464 197 443 436 9 216 36 500 409 206 316 34 351 80 126 223 265 449 205 56 269 319 380 98 348 446 178 86 307 347 102 444 315 439 475 298 116 423 84 72 66 273 47 196 1 160 310 44 63 40 73 346 109 270 
90
291 39 151 25 498 467 109 281 347 182 346 119 496 493 461 70 33 377 239 454 167 446 447 237 2 21 477 251 303 92 107 364 475 114 211 143 242 43 123 129 354 73 223 416 80 112 479 94 75 247 45 185 138 487 195 419 89 334 81 147 264 252 116 436 177 240 97 337 440 407 14 28 297 268 276 103 459 335 267 483 163 441 398 306 298 457 421 437 375 414 
14
297 404 398 465 47 14 353 448 145 45 198 20 359 12 
16
105 438 30 291 48 391 164 237 64 338 297 410 10 67 93 58 
79
467 168 120 295 156 468 245 262 185 329 10 402 395 298 457 211 165 219 215 18 173 320 253 358 64 283 291 5 259 21 327 314 162 443 406 112 409 477 435 31 131 184 56 190 119 154 248 342 33 485 447 398 318 300 96 453 473 180 429 268 148 332 226 89 139 441 306 236 470 361 171 357 452 391 71 319 438 367 4 
9
471 32 87 79 500 442 489 28 317 
49
159 231 145 324 287 261 153 403 58 335 429 13 406 206 174 500 137 80 139 286 383 257 288 25 301 34 208 210 226 400 73 295 150 260 290 112 241 330 108 10 469 183 327 24 453 456 468 333 323 
10
53 374 192 468 269 90 405 414 454 250 
84
186 272 15 270 252 394 320 111 471 276 28 96 132 199 416 406 63 13 213 396 188 315 167 184 327 429 104 226 182 193 26 478 374 62 430 433 105 169 67 33 40 413 286 388 197 119 164 402 422 17 343 225 318 275 19 273 465 75 450 317 494 423 499 202 206 240 36 68 340 190 23 474 232 239 297 65 47 230 138 92 150 208 191 390 
26
319 367 69 24 390 161 454 195 52 20 344 115 104 72 162 114 184 177 419 480 188 5 476 331 450 491 
61
252 200 41 115 61 397 235 312 284 393 419 485 2 417 260 369 70 451 47 436 449 15 281 24 66 242 96 192 360 36 456 363 194 133 469 418 309 274 153 140 230 161 311 151 69 132 10 218 220 379 386 384 414 405 49 197 92 26 258 251 297 
99
398 360 415 110 313 144 162 71 337 438 59 359 458 125 69 471 410 86 485 90 93 284 37 366 307 128 425 286 19 226 325 146 18 213 372 341 375 140 17 130 203 161 156 20 215 77 453 344 139 79 232 222 400 342 333 160 278 287 80 266 208 78 87 136 218 281 109 25 111 356 343 466 322 435 117 283 271 40 370 2 456 134 483 417 289 436 358 82 127 467 244 468 338 230 183 158 318 121 263 
66
373 190 146 105 5 62 154 404 497 220 211 15 305 215 102 384 4 86 1 315 130 147 397 364 255 431 156 406 456 488 478 265 465 482 118 174 151 26 250 171 158 309 476 134 400 477 138 179 484 23 150 64 3 291 213 297 90 260 71 249 55 344 194 393 421 389 
63
366 480 413 257 192 357 345 145 494 397 69 132 82 306 4 476 128 54 175 278 285 337 100 406 33 369 305 455 141 464 229 25 67 495 230 396 395 419 28 219 332 68 421 165 386 224 487 159 450 195 302 124 387 88 6 5 119 411 462 72 95 23 26 
71
322 204 224 286 30 419 300 191 248 97 269 203 13 378 145 333 444 71 422 447 23 324 37 417 178 41 232 272 290 404 364 405 260 120 53 483 407 84 66 182 88 216 151 305 456 159 80 441 201 448 83 194 301 202 450 227 14 174 142 72 451 477 257 396 316 95 327 25 172 108 470 
75
125 468 410 62 148 74 111 309 3 487 278 109 333 448 319 351 5 432 341 123 236 61 169 210 112 399 298 455 449 467 151 404 293 214 241 73 108 274 302 182 318 85 306 253 279 33 462 190 222 197 258 228 130 95 212 146 71 423 496 107 156 50 153 176 413 174 267 139 315 473 195 202 286 373 10 
71
54 299 417 419 286 402 71 116 374 380 448 12 352 199 443 107 108 180 150 212 263 19 287 432 129 491 186 51 29 99 206 143 405 257 13 174 106 466 345 310 349 38 75 90 361 73 372 334 63 362 65 284 420 84 109 123 455 231 100 430 72 36 92 227 335 481 251 43 376 42 347 
1
415 
99
21 107 109 2 209 101 8 383 145 310 9 29 296 334 460 300 364 218 375 389 494 316 312 321 492 489 452 365 416 16 493 348 258 124 264 205 220 195 318 265 70 337 154 451 241 115 255 234 243 113 15 407 467 22 400 226 46 213 181 34 73 116 438 50 33 461 37 58 398 190 278 329 81 362 45 417 210 237 151 158 19 256 105 475 127 6 89 249 182 49 319 465 24 332 42 487 425 147 478 
85
410 263 205 139 72 268 162 262 305 326 255 217 52 461 104 479 386 245 288 348 430 421 157 22 465 302 382 107 342 80 30 10 482 484 187 120 214 368 364 169 257 121 338 170 211 83 397 494 490 234 339 92 60 143 460 415 313 140 320 337 491 113 218 383 251 423 189 414 418 276 266 88 62 45 331 56 457 81 316 332 286 394 147 34 110 
