total prime numbers between 1 to 500009 is: 1
7 499793 71399 0 0
12 499404 41617 0 0
15 495345 33023 0 0
27 499311 18493 0 0
62 499286 8053 0 0
79 483559 6121 0 0
85 473705 5573 0 0
140 464660 3319 0 0
181 469333 2593 0 0
200 475400 2377 0 0
232 484648 2089 0 0
252 53172 211 0 0
278 494006 1777 0 0
282 421026 1493 0 0
297 477279 1607 0 0
298 456238 1531 0 0
302 487126 1613 0 0
317 418757 1321 0 0
319 356323 1117 0 0
323 375649 1163 0 0
344 360856 1049 0 0
363 425073 1171 0 0
416 496288 1193 0 0
425 477275 1123 0 0
431 396089 919 0 0
439 424513 967 0 0
449 345281 769 0 0
496 395312 797 0 0
514 440498 857 0 0
547 466591 853 0 0
556 407548 733 0 0
559 272233 487 0 0
560 370160 661 0 0
568 419752 739 0 0
605 447095 739 0 0
618 308382 499 0 0
662 457442 691 0 0
664 347272 523 0 0
666 64602 97 0 0
675 478575 709 0 0
724 368516 509 0 0
778 476914 613 0 0
830 384290 463 0 0
839 292811 349 0 0
898 451694 503 0 0
930 380370 409 0 0
937 437579 467 0 0
949 291343 307 0 0
1025 499175 487 0 0
1061 457291 431 0 0
1063 396499 373 0 0
1077 440493 409 0 0
1082 260762 241 0 0
1092 437892 401 0 0
1139 395233 347 0 0
1146 397662 347 0 0
1161 486459 419 0 0
1202 482002 401 0 0
1210 15730 13 0 0
1238 362734 293 0 0
1249 440897 353 0 0
1259 303419 241 0 0
1280 459520 359 0 0
1299 453351 349 0 0
1325 412075 311 0 0
1366 386578 283 0 0
1368 222984 163 0 0
1417 384007 271 0 0
1466 394354 269 0 0
1470 54390 37 0 0
1492 401348 269 0 0
1531 365909 239 0 0
1538 435254 283 0 0
1559 410017 263 0 0
1575 414225 263 0 0
1580 485060 307 0 0
1599 449319 281 0 0
1610 436310 271 0 0
1611 317367 197 0 0
1618 474074 293 0 0
1676 279892 167 0 0
1683 442629 263 0 0
1687 254737 151 0 0
1698 164706 97 0 0
1723 477271 277 0 0
1749 494967 283 0 0
1771 267421 151 0 0
1780 322180 181 0 0
1785 308805 173 0 0
1786 269686 151 0 0
1794 461058 257 0 0
1799 379589 211 0 0
1818 489042 269 0 0
1843 256177 139 0 0
1860 366420 197 0 0
1879 257423 137 0 0
1891 455731 241 0 0
1907 444331 233 0 0
1935 350235 181 0 0
1946 305522 157 0 0
1956 373596 191 0 0
1957 221141 113 0 0
1958 154682 79 0 0
1961 339253 173 0 0
1974 452046 229 0 0
1989 463437 233 0 0
2034 266454 131 0 0
2058 220206 107 0 0
2120 447320 211 0 0
2130 317370 149 0 0
2155 480565 223 0 0
2163 153573 71 0 0
2167 496243 229 0 0
2176 67456 31 0 0
2177 158921 73 0 0
2188 461668 211 0 0
2193 489039 223 0 0
2215 383195 173 0 0
2219 401639 181 0 0
2220 215340 97 0 0
2225 162425 73 0 0
2235 364305 163 0 0
2243 432899 193 0 0
2270 247430 109 0 0
2302 412058 179 0 0
2396 126988 53 0 0
2414 432106 179 0 0
2418 336102 139 0 0
2436 250908 103 0 0
2450 335650 137 0 0
2452 473236 193 0 0
2459 366391 149 0 0
2502 267714 107 0 0
2508 258324 103 0 0
2520 320040 127 0 0
2521 350419 139 0 0
2536 276424 109 0 0
2590 214970 83 0 0
2603 465937 179 0 0
2620 332740 127 0 0
2622 474582 181 0 0
2625 333375 127 0 0
2657 284299 107 0 0
2666 285262 107 0 0
2669 419033 157 0 0
2673 435699 163 0 0
2688 448896 167 0 0
2706 468138 173 0 0
2709 441567 163 0 0
2715 426255 157 0 0
2720 378080 139 0 0
2721 410871 151 0 0
2726 117218 43 0 0
2740 490460 179 0 0
2754 300186 109 0 0
2766 118938 43 0 0
2817 121131 43 0 0
2819 290357 103 0 0
2884 227836 79 0 0
2886 453102 157 0 0
2903 455771 157 0 0
2908 369316 127 0 0
2910 299730 103 0 0
2924 371348 127 0 0
2932 477916 163 0 0
2936 478568 163 0 0
2937 284889 97 0 0
2950 386450 131 0 0
2953 304159 103 0 0
3047 496661 163 0 0
3061 480577 157 0 0
3070 481990 157 0 0
3082 348266 113 0 0
3092 485444 157 0 0
3117 464433 149 0 0
3118 395986 127 0 0
3124 184316 59 0 0
3185 136955 43 0 0
3272 337016 103 0 0
3276 75348 23 0 0
3287 456893 139 0 0
3296 293344 89 0 0
3326 236146 71 0 0
3329 6658 2 0 0
3344 498256 149 0 0
3355 426085 127 0 0
3394 464978 137 0 0
3416 78568 23 0 0
3444 182532 53 0 0
3447 334359 97 0 0
3469 391997 113 0 0
3538 385642 109 0 0
3594 168918 47 0 0
3628 156004 43 0 0
3631 323159 89 0 0
3665 399485 109 0 0
3698 48074 13 0 0
3711 419343 113 0 0
3729 115599 31 0 0
3775 388825 103 0 0
3781 404567 107 0 0
3785 314155 83 0 0
3788 253796 67 0 0
3789 269019 71 0 0
3796 110084 29 0 0
3807 87561 23 0 0
3838 180386 47 0 0
3856 165808 43 0 0
3942 67014 17 0 0
3967 241987 61 0 0
3968 329344 83 0 0
3972 448836 113 0 0
3989 402889 101 0 0
4032 92736 23 0 0
4047 271149 67 0 0
4052 214756 53 0 0
4057 336731 83 0 0
4075 444175 109 0 0
4102 176386 43 0 0
4174 404878 97 0 0
4221 434763 103 0 0
4269 414093 97 0 0
4276 380564 89 0 0
4324 315652 73 0 0
4346 317258 73 0 0
4355 492115 113 0 0
4360 466520 107 0 0
4397 83543 19 0 0
4398 426606 97 0 0
4409 365947 83 0 0
4426 137206 31 0 0
4459 209573 47 0 0
4463 477541 107 0 0
4484 22420 5 0 0
4487 453187 101 0 0
4542 467826 103 0 0
4568 86792 19 0 0
4577 324967 71 0 0
4578 489846 107 0 0
4600 13800 3 0 0
4625 272875 59 0 0
4633 217751 47 0 0
4648 246344 53 0 0
4681 388523 83 0 0
4682 145142 31 0 0
4697 342881 73 0 0
4709 456773 97 0 0
4725 80325 17 0 0
4733 373907 79 0 0
4738 478538 101 0 0
4774 482174 101 0 0
4783 14349 3 0 0
4812 380148 79 0 0
4849 53339 11 0 0
4890 200490 41 0 0
4929 389391 79 0 0
4941 93879 19 0 0
4963 481411 97 0 0
4964 213452 43 0 0
4969 332923 67 0 0
4978 263834 53 0 0
4995 154845 31 0 0
5016 366168 73 0 0
5050 237350 47 0 0
5086 269558 53 0 0
5090 422470 83 0 0
5133 210453 41 0 0
5140 426620 83 0 0
5159 314699 61 0 0
5179 315919 61 0 0
5189 57079 11 0 0
5205 411195 79 0 0
5222 412538 79 0 0
5233 225019 43 0 0
5242 277826 53 0 0
5245 36715 7 0 0
5313 90321 17 0 0
5316 196692 37 0 0
5356 91052 17 0 0
5363 26815 5 0 0
5378 392594 73 0 0
5418 167958 31 0 0
5426 363542 67 0 0
5435 451105 83 0 0
5482 433078 79 0 0
5558 72254 13 0 0
5562 16686 3 0 0
5611 375937 67 0 0
5614 174034 31 0 0
5644 299132 53 0 0
5646 163734 29 0 0
5653 378751 67 0 0
5680 380560 67 0 0
5684 244412 43 0 0
5711 348371 61 0 0
5712 211344 37 0 0
5747 477001 83 0 0
5776 479408 83 0 0
5779 479657 83 0 0
5805 214785 37 0 0
5806 458674 79 0 0
5810 354410 61 0 0
5846 99382 17 0 0
5862 310686 53 0 0
5879 429167 73 0 0
5881 311693 53 0 0
5943 101031 17 0 0
5944 172376 29 0 0
5954 256022 43 0 0
5966 399722 67 0 0
5971 41797 7 0 0
5977 400459 67 0 0
5978 11956 2 0 0
5982 436686 73 0 0
6009 258387 43 0 0
6014 78182 13 0 0
6016 366976 61 0 0
6096 79248 13 0 0
6111 323883 53 0 0
6119 79547 13 0 0
6151 485929 79 0 0
6168 363912 59 0 0
6172 30860 5 0 0
6200 328600 53 0 0
6213 229881 37 0 0
6258 444318 71 0 0
6261 457053 73 0 0
6300 333900 53 0 0
6342 450282 71 0 0
6356 375004 59 0 0
6391 377069 59 0 0
6416 70576 11 0 0
6431 237947 37 0 0
6471 110007 17 0 0
6552 386568 59 0 0
6563 465973 71 0 0
6597 468387 71 0 0
6612 443004 67 0 0
6633 86229 13 0 0
6697 475487 71 0 0
6730 491290 73 0 0
6746 492458 73 0 0
6770 13540 2 0 0
6800 401200 59 0 0
6807 88491 13 0 0
6825 211575 31 0 0
6836 88868 13 0 0
6861 295023 43 0 0
6865 75515 11 0 0
6880 48160 7 0 0
6886 13772 2 0 0
6898 117266 17 0 0
6921 117657 17 0 0
6959 466253 67 0 0
6979 495509 71 0 0
6990 370470 53 0 0
7057 218767 31 0 0
7111 334217 47 0 0
7136 292576 41 0 0
7150 207350 29 0 0
7155 336285 47 0 0
7178 337366 47 0 0
7188 424092 59 0 0
7214 295774 41 0 0
7240 166520 23 0 0
7255 210395 29 0 0
7258 50806 7 0 0
7265 268805 37 0 0
7284 123828 17 0 0
7286 21858 3 0 0
7287 386211 53 0 0
7291 226021 31 0 0
7292 313556 43 0 0
7348 227788 31 0 0
7371 493857 67 0 0
7401 37005 5 0 0
7411 140809 19 0 0
7416 22248 3 0 0
7429 37145 5 0 0
7459 216311 29 0 0
7466 141854 19 0 0
7469 306229 41 0 0
7494 172362 23 0 0
7540 309140 41 0 0
7555 324865 43 0 0
7574 280238 37 0 0
7587 462807 61 0 0
7608 327144 43 0 0
7631 129727 17 0 0
7636 450524 59 0 0
7686 361242 47 0 0
7687 453533 59 0 0
7750 364250 47 0 0
7776 132192 17 0 0
7778 412234 53 0 0
7808 476288 61 0 0
7812 148428 19 0 0
7847 290339 37 0 0
7882 55174 7 0 0
7912 292744 37 0 0
7923 229767 29 0 0
7951 373697 47 0 0
7958 183034 23 0 0
7962 421986 53 0 0
8010 344430 43 0 0
8039 474301 59 0 0
8048 490928 61 0 0
8104 24312 3 0 0
8185 253735 31 0 0
8257 24771 3 0 0
8280 190440 23 0 0
8300 257300 31 0 0
8316 390852 47 0 0
8334 441702 53 0 0
8347 242063 29 0 0
8363 359609 43 0 0
8366 58562 7 0 0
8380 192740 23 0 0
8396 361028 43 0 0
8412 42060 5 0 0
8438 345958 41 0 0
8466 364038 43 0 0
8471 448963 53 0 0
8481 449493 53 0 0
8499 16998 2 0 0
8521 42605 5 0 0
8548 196604 23 0 0
8553 350673 41 0 0
8588 403636 47 0 0
8644 43220 5 0 0
8682 164958 19 0 0
8696 269576 31 0 0
8740 323380 37 0 0
8755 113815 13 0 0
8767 464651 53 0 0
8768 412096 47 0 0
8769 464757 53 0 0
8797 61579 7 0 0
8856 115128 13 0 0
8857 44285 5 0 0
8858 380894 43 0 0
8866 97526 11 0 0
8868 470004 53 0 0
8887 257723 29 0 0
8892 26676 3 0 0
8906 17812 2 0 0
8925 473025 53 0 0
8929 26787 3 0 0
8967 260043 29 0 0
8983 206609 23 0 0
9018 27054 3 0 0
9041 334517 37 0 0
9052 389236 43 0 0
9103 282193 31 0 0
9111 63777 7 0 0
9119 209737 23 0 0
9159 45795 5 0 0
9205 340585 37 0 0
9209 377569 41 0 0
9232 378512 41 0 0
9251 212773 23 0 0
9254 27762 3 0 0
9362 440014 47 0 0
9384 497352 53 0 0
9390 291090 31 0 0
9396 404028 43 0 0
9460 293260 31 0 0
9479 407597 43 0 0
9501 294531 31 0 0
9568 449696 47 0 0
9624 279096 29 0 0
9680 29040 3 0 0
9774 166158 17 0 0
9788 460036 47 0 0
9801 68607 7 0 0
9834 304854 31 0 0
9844 423292 43 0 0
9863 463561 47 0 0
9873 464031 47 0 0
9879 108669 11 0 0
9890 29670 3 0 0
9915 49575 5 0 0
9935 288115 29 0 0
9955 228965 23 0 0
9982 109802 11 0 0
9994 19988 2 0 0
10029 110319 11 0 0
10191 478977 47 0 0
10212 296148 29 0 0
10243 419963 41 0 0
10249 379213 37 0 0
10257 71799 7 0 0
10304 195776 19 0 0
10397 384689 37 0 0
10405 489035 47 0 0
10431 385947 37 0 0
10473 31419 3 0 0
10494 451242 43 0 0
10560 21120 2 0 0
10577 433657 41 0 0
10596 498012 47 0 0
10628 435748 41 0 0
10669 138697 13 0 0
10714 460702 43 0 0
10720 396640 37 0 0
10751 118261 11 0 0
10784 53920 5 0 0
10786 399082 37 0 0
10798 248354 23 0 0
10799 442759 41 0 0
10805 313345 29 0 0
10843 249389 23 0 0
10907 250861 23 0 0
10953 339543 31 0 0
10975 120725 11 0 0
10996 186932 17 0 0
11021 407777 37 0 0
11027 407999 37 0 0
11034 55170 5 0 0
11094 55470 5 0 0
11177 324133 29 0 0
11323 486889 43 0 0
11384 466744 41 0 0
11486 470926 41 0 0
11524 80668 7 0 0
11584 498112 43 0 0
11595 359445 31 0 0
11601 429237 37 0 0
11622 476502 41 0 0
11630 476830 41 0 0
11727 222813 19 0 0
11751 270273 23 0 0
11838 438006 37 0 0
11845 82915 7 0 0
11867 344143 29 0 0
11878 130658 11 0 0
11996 275908 23 0 0
11997 131967 11 0 0
12028 348812 29 0 0
12146 85022 7 0 0
12156 352524 29 0 0
12236 36708 3 0 0
12327 86289 7 0 0
12395 24790 2 0 0
12451 24902 2 0 0
12492 462204 37 0 0
12507 462759 37 0 0
12508 137588 11 0 0
12532 388492 31 0 0
12546 25092 2 0 0
12580 364820 29 0 0
12584 138424 11 0 0
12593 163709 13 0 0
12600 239400 19 0 0
12609 466533 37 0 0
12623 88361 7 0 0
12634 366386 29 0 0
12691 393421 31 0 0
12700 63500 5 0 0
12739 165607 13 0 0
12812 217804 17 0 0
12864 295872 23 0 0
12933 375057 29 0 0
12942 168246 13 0 0
12986 480482 37 0 0
13003 39009 3 0 0
13005 403155 31 0 0
13008 481296 37 0 0
13009 299207 23 0 0
13041 91287 7 0 0
13105 39315 3 0 0
13145 381205 29 0 0
13150 407650 31 0 0
13163 92141 7 0 0
13181 250439 19 0 0
13206 66030 5 0 0
13214 224638 17 0 0
13224 171912 13 0 0
13238 489806 37 0 0
13304 66520 5 0 0
13368 253992 19 0 0
13381 254239 19 0 0
13440 497280 37 0 0
13453 417043 31 0 0
13463 390427 29 0 0
13464 309672 23 0 0
13518 419058 31 0 0
13559 67795 5 0 0
13644 150084 11 0 0
13671 68355 5 0 0
13685 68425 5 0 0
13713 178269 13 0 0
13778 316894 23 0 0
13792 41376 3 0 0
13844 96908 7 0 0
13902 180726 13 0 0
13910 319930 23 0 0
13950 320850 23 0 0
13972 265468 19 0 0
13985 153835 11 0 0
13986 237762 17 0 0
13991 69955 5 0 0
14010 266190 19 0 0
14041 435271 31 0 0
14131 438061 31 0 0
14166 42498 3 0 0
14171 155881 11 0 0
14199 269781 19 0 0
14231 270389 19 0 0
14262 413598 29 0 0
14295 42885 3 0 0
14321 329383 23 0 0
14352 330096 23 0 0
14413 43239 3 0 0
14428 100996 7 0 0
14434 274246 19 0 0
14456 448136 31 0 0
14466 101262 7 0 0
14475 159225 11 0 0
14485 333155 23 0 0
14545 421805 29 0 0
14557 422153 29 0 0
14598 277362 19 0 0
14633 453623 31 0 0
14634 278046 19 0 0
14691 455421 31 0 0
14696 161656 11 0 0
14706 73530 5 0 0
14796 29592 2 0 0
14837 192881 13 0 0
14856 163416 11 0 0
14930 164230 11 0 0
14961 194493 13 0 0
14985 434565 29 0 0
15010 465310 31 0 0
15069 165759 11 0 0
15112 287128 19 0 0
15116 196508 13 0 0
15140 105980 7 0 0
15196 349508 23 0 0
15197 349531 23 0 0
15283 30566 2 0 0
15288 290472 19 0 0
15437 293303 19 0 0
15485 77425 5 0 0
15498 263466 17 0 0
15521 46563 3 0 0
15555 264435 17 0 0
15564 357972 23 0 0
15579 202527 13 0 0
15594 77970 5 0 0
15604 265268 17 0 0
15620 484220 31 0 0
15751 47253 3 0 0
15758 267886 17 0 0
15792 31584 2 0 0
15844 79220 5 0 0
15892 301948 19 0 0
15938 111566 7 0 0
15979 207727 13 0 0
16045 465305 29 0 0
16066 32132 2 0 0
16079 466291 29 0 0
16123 274091 17 0 0
16132 177452 11 0 0
16174 48522 3 0 0
16371 311049 19 0 0
16436 115052 7 0 0
16497 214461 13 0 0
16522 181742 11 0 0
16717 50151 3 0 0
16726 384698 23 0 0
16777 184547 11 0 0
16781 184591 11 0 0
16798 285566 17 0 0
16807 285719 17 0 0
16854 286518 17 0 0
16857 117999 7 0 0
16941 287997 17 0 0
17126 222638 13 0 0
17246 51738 3 0 0
17252 293284 17 0 0
17271 397233 23 0 0
17274 190014 11 0 0
17311 121177 7 0 0
17312 294304 17 0 0
17421 400683 23 0 0
17432 52296 3 0 0
17530 403190 23 0 0
17534 333146 19 0 0
17535 122745 7 0 0
17606 334514 19 0 0
17635 88175 5 0 0
17680 335920 19 0 0
17711 53133 3 0 0
17813 409699 23 0 0
17835 89175 5 0 0
17844 196284 11 0 0
17857 232141 13 0 0
17898 53694 3 0 0
17968 233584 13 0 0
18073 234949 13 0 0
18120 36240 2 0 0
18202 91010 5 0 0
18300 347700 19 0 0
18358 312086 17 0 0
18492 129444 7 0 0
18535 315095 17 0 0
18544 315248 17 0 0
18546 315282 17 0 0
18588 92940 5 0 0
18619 353761 19 0 0
18703 205733 11 0 0
18732 430836 23 0 0
18749 356231 19 0 0
18770 431710 23 0 0
18790 432170 23 0 0
18796 93980 5 0 0
18922 37844 2 0 0
18965 436195 23 0 0
19042 437966 23 0 0
19048 323816 17 0 0
19142 95710 5 0 0
19147 325499 17 0 0
19198 326366 17 0 0
19213 326621 17 0 0
19245 57735 3 0 0
19249 57747 3 0 0
19308 328236 17 0 0
19326 57978 3 0 0
19480 448040 23 0 0
19602 254826 13 0 0
19608 215688 11 0 0
19612 98060 5 0 0
19661 58983 3 0 0
19699 453077 23 0 0
19743 138201 7 0 0
19824 376656 19 0 0
19826 455998 23 0 0
19837 99185 5 0 0
19886 218746 11 0 0
19894 258622 13 0 0
19907 39814 2 0 0
19984 39968 2 0 0
19998 99990 5 0 0
20029 340493 17 0 0
20070 381330 19 0 0
20081 100405 5 0 0
20168 221848 11 0 0
20181 383439 19 0 0
20200 383800 19 0 0
20233 343961 17 0 0
20278 344726 17 0 0
20293 40586 2 0 0
20299 101495 5 0 0
20336 264368 13 0 0
20361 264693 13 0 0
20370 40740 2 0 0
20406 387714 19 0 0
20419 102095 5 0 0
20427 469821 23 0 0
20544 102720 5 0 0
20565 349605 17 0 0
20633 392027 19 0 0
20751 62253 3 0 0
20760 394440 19 0 0
20794 145558 7 0 0
20809 41618 2 0 0
20827 479021 23 0 0
20939 397841 19 0 0
20994 146958 7 0 0
21012 483276 23 0 0
21023 357391 17 0 0
21048 357816 17 0 0
21056 231616 11 0 0
21085 274105 13 0 0
21226 275938 13 0 0
21236 403484 19 0 0
21340 149380 7 0 0
21356 405764 19 0 0
21366 363222 17 0 0
21402 363834 17 0 0
21423 107115 5 0 0
21516 279708 13 0 0
21556 366452 17 0 0
21570 107850 5 0 0
21573 366741 17 0 0
21738 369546 17 0 0
21751 369767 17 0 0
21814 370838 17 0 0
21878 284414 13 0 0
21949 373133 17 0 0
21968 285584 13 0 0
21984 43968 2 0 0
21997 43994 2 0 0
22127 287651 13 0 0
22217 44434 2 0 0
22279 111395 5 0 0
22288 423472 19 0 0
22317 111585 5 0 0
22347 245817 11 0 0
22356 245916 11 0 0
22362 245982 11 0 0
22415 44830 2 0 0
22452 112260 5 0 0
22488 67464 3 0 0
22505 112525 5 0 0
22704 68112 3 0 0
22733 68199 3 0 0
22755 68265 3 0 0
22809 433371 19 0 0
22842 388314 17 0 0
22843 68529 3 0 0
22866 114330 5 0 0
22869 388773 17 0 0
22915 114575 5 0 0
22916 160412 7 0 0
22948 298324 13 0 0
23020 437380 19 0 0
23032 299416 13 0 0
23042 115210 5 0 0
23146 115730 5 0 0
23221 69663 3 0 0
23233 116165 5 0 0
23289 302757 13 0 0
23398 257378 11 0 0
23521 258731 11 0 0
23526 117630 5 0 0
23549 306137 13 0 0
23567 47134 2 0 0
23601 165207 7 0 0
23647 307411 13 0 0
23739 47478 2 0 0
23775 166425 7 0 0
23836 452884 19 0 0
23911 263021 11 0 0
23965 47930 2 0 0
24061 120305 5 0 0
24080 120400 5 0 0
24108 72324 3 0 0
24127 313651 13 0 0
24157 410669 17 0 0
24255 315315 13 0 0
24256 460864 19 0 0
24364 414188 17 0 0
24381 463239 19 0 0
24474 269214 11 0 0
24552 270072 11 0 0
24562 466678 19 0 0
24616 270776 11 0 0
24632 123160 5 0 0
24645 73935 3 0 0
24661 172627 7 0 0
24679 49358 2 0 0
24788 173516 7 0 0
24795 49590 2 0 0
24805 322465 13 0 0
24832 74496 3 0 0
24841 74523 3 0 0
24922 473518 19 0 0
24940 174580 7 0 0
24960 474240 19 0 0
25020 175140 7 0 0
25035 175245 7 0 0
25038 50076 2 0 0
25039 425663 17 0 0
25058 425986 17 0 0
25076 50152 2 0 0
25136 175952 7 0 0
25174 427958 17 0 0
25211 75633 3 0 0
25215 126075 5 0 0
25223 479237 19 0 0
25323 126615 5 0 0
25353 481707 19 0 0
25360 431120 17 0 0
25384 431528 17 0 0
25396 482524 19 0 0
25406 431902 17 0 0
25444 279884 11 0 0
25468 50936 2 0 0
25483 50966 2 0 0
25510 433670 17 0 0
25514 433738 17 0 0
25532 127660 5 0 0
25536 434112 17 0 0
25570 51140 2 0 0
25594 51188 2 0 0
25654 487426 19 0 0
25702 51404 2 0 0
25720 437240 17 0 0
25730 77190 3 0 0
25772 180404 7 0 0
25836 439212 17 0 0
25838 439246 17 0 0
25937 285307 11 0 0
25949 285439 11 0 0
25955 493145 19 0 0
26077 443309 17 0 0
26078 495482 19 0 0
26087 52174 2 0 0
26094 78282 3 0 0
26108 78324 3 0 0
26128 52256 2 0 0
26147 130735 5 0 0
26151 444567 17 0 0
26171 183197 7 0 0
26175 287925 11 0 0
26200 340600 13 0 0
26236 52472 2 0 0
26248 78744 3 0 0
26256 341328 13 0 0
26285 289135 11 0 0
26298 52596 2 0 0
26424 290664 11 0 0
26551 132755 5 0 0
26566 132830 5 0 0
26604 186228 7 0 0
26647 452999 17 0 0
26685 133425 5 0 0
26692 453764 17 0 0
26697 453849 17 0 0
26784 455328 17 0 0
26822 455974 17 0 0
26854 295394 11 0 0
26863 295493 11 0 0
26947 350311 13 0 0
26987 458779 17 0 0
27043 351559 13 0 0
27053 189371 7 0 0
27066 297726 11 0 0
27077 54154 2 0 0
27096 352248 13 0 0
27121 189847 7 0 0
27144 54288 2 0 0
27162 81486 3 0 0
27179 298969 11 0 0
27184 54368 2 0 0
27194 462298 17 0 0
27199 462383 17 0 0
27276 354588 13 0 0
27299 191093 7 0 0
27318 191226 7 0 0
27453 54906 2 0 0
27650 470050 17 0 0
27671 304381 11 0 0
27691 138455 5 0 0
27713 55426 2 0 0
27719 55438 2 0 0
27770 83310 3 0 0
27806 139030 5 0 0
27885 55770 2 0 0
27910 307010 11 0 0
27931 83793 3 0 0
28000 476000 17 0 0
28006 140030 5 0 0
28014 196098 7 0 0
28100 140500 5 0 0
28108 84324 3 0 0
28132 309452 11 0 0
28328 198296 7 0 0
28411 56822 2 0 0
28457 85371 3 0 0
28519 484823 17 0 0
28598 85794 3 0 0
28672 487424 17 0 0
28678 86034 3 0 0
28797 201579 7 0 0
28804 316844 11 0 0
28817 86451 3 0 0
28866 375258 13 0 0
28891 375583 13 0 0
28929 318219 11 0 0
28988 57976 2 0 0
29006 58012 2 0 0
29007 493119 17 0 0
29052 203364 7 0 0
29157 495669 17 0 0
29263 204841 7 0 0
29290 87870 3 0 0
29373 88119 3 0 0
29474 206318 7 0 0
29509 324599 11 0 0
29620 59240 2 0 0
29624 325864 11 0 0
29737 89211 3 0 0
29801 59602 2 0 0
29891 328801 11 0 0
30066 60132 2 0 0
30173 150865 5 0 0
30182 150910 5 0 0
30229 211603 7 0 0
30231 151155 5 0 0
30270 151350 5 0 0
30312 394056 13 0 0
30318 60636 2 0 0
30398 151990 5 0 0
30422 395486 13 0 0
30430 334730 11 0 0
30441 213087 7 0 0
30485 91455 3 0 0
30503 335533 11 0 0
30584 397592 13 0 0
30701 214907 7 0 0
30752 61504 2 0 0
30828 92484 3 0 0
30835 92505 3 0 0
30856 154280 5 0 0
30922 92766 3 0 0
30955 340505 11 0 0
31037 93111 3 0 0
31094 342034 11 0 0
31155 62310 2 0 0
31207 343277 11 0 0
31282 62564 2 0 0
31306 156530 5 0 0
31366 94098 3 0 0
31425 408525 13 0 0
31429 408577 13 0 0
31451 220157 7 0 0
31499 346489 11 0 0
31506 346566 11 0 0
31520 409760 13 0 0
31603 347633 11 0 0
31700 412100 13 0 0
31721 412373 13 0 0
31773 413049 13 0 0
31877 350647 11 0 0
31901 63802 2 0 0
31972 223804 7 0 0
32079 96237 3 0 0
32206 354266 11 0 0
32269 161345 5 0 0
32284 419692 13 0 0
32331 96993 3 0 0
32439 421707 13 0 0
32454 162270 5 0 0
32598 65196 2 0 0
32607 163035 5 0 0
32637 65274 2 0 0
32742 425646 13 0 0
32769 425997 13 0 0
32842 65684 2 0 0
32858 65716 2 0 0
32979 98937 3 0 0
33001 429013 13 0 0
33049 66098 2 0 0
33053 231371 7 0 0
33065 429845 13 0 0
33072 363792 11 0 0
33216 99648 3 0 0
33346 366806 11 0 0
33384 66768 2 0 0
33491 234437 7 0 0
33541 436033 13 0 0
33542 234794 7 0 0
33547 234829 7 0 0
33550 67100 2 0 0
33568 369248 11 0 0
33768 236376 7 0 0
33824 101472 3 0 0
33866 372526 11 0 0
33889 101667 3 0 0
33939 101817 3 0 0
34034 102102 3 0 0
34120 170600 5 0 0
34144 239008 7 0 0
34307 171535 5 0 0
34360 171800 5 0 0
34417 447421 13 0 0
34467 448071 13 0 0
34531 172655 5 0 0
34578 172890 5 0 0
34632 450216 13 0 0
34726 451438 13 0 0
34751 69502 2 0 0
34777 69554 2 0 0
34791 104373 3 0 0
34804 174020 5 0 0
34853 104559 3 0 0
34914 453882 13 0 0
34988 244916 7 0 0
35004 455052 13 0 0
35087 105261 3 0 0
35144 386584 11 0 0
35174 105522 3 0 0
35201 105603 3 0 0
35282 105846 3 0 0
35378 106134 3 0 0
35397 176985 5 0 0
35585 249095 7 0 0
35691 71382 2 0 0
35738 250166 7 0 0
35754 250278 7 0 0
35847 250929 7 0 0
35894 107682 3 0 0
35937 251559 7 0 0
36003 108009 3 0 0
36050 396550 11 0 0
36059 72118 2 0 0
36090 469170 13 0 0
36096 469248 13 0 0
36103 252721 7 0 0
36114 180570 5 0 0
36195 398145 11 0 0
36328 108984 3 0 0
36343 399773 11 0 0
36388 72776 2 0 0
36438 255066 7 0 0
36518 182590 5 0 0
36565 73130 2 0 0
36724 110172 3 0 0
36732 110196 3 0 0
36842 257894 7 0 0
37131 259917 7 0 0
37206 483678 13 0 0
37261 484393 13 0 0
37316 261212 7 0 0
37419 74838 2 0 0
37438 486694 13 0 0
37461 187305 5 0 0
37467 74934 2 0 0
37482 412302 11 0 0
37601 488813 13 0 0
37645 112935 3 0 0
37652 188260 5 0 0
37671 113013 3 0 0
37699 490087 13 0 0
37720 113160 3 0 0
37748 188740 5 0 0
37780 264460 7 0 0
37887 416757 11 0 0
37923 265461 7 0 0
37946 493298 13 0 0
37976 493688 13 0 0
37979 265853 7 0 0
37990 265930 7 0 0
37997 417967 11 0 0
38014 266098 7 0 0
38047 266329 7 0 0
38083 266581 7 0 0
38108 266756 7 0 0
38247 267729 7 0 0
38281 191405 5 0 0
38341 191705 5 0 0
38354 498602 13 0 0
38362 115086 3 0 0
38397 499161 13 0 0
38403 192015 5 0 0
38415 268905 7 0 0
38460 192300 5 0 0
38594 77188 2 0 0
38732 193660 5 0 0
38763 271341 7 0 0
38836 427196 11 0 0
38908 427988 11 0 0
38955 272685 7 0 0
38969 194845 5 0 0
39026 78052 2 0 0
39040 78080 2 0 0
39043 273301 7 0 0
39080 273560 7 0 0
39175 117525 3 0 0
39274 432014 11 0 0
39340 275380 7 0 0
39484 118452 3 0 0
39506 197530 5 0 0
39530 197650 5 0 0
39551 79102 2 0 0
39585 79170 2 0 0
39669 198345 5 0 0
39712 198560 5 0 0
39819 119457 3 0 0
39852 278964 7 0 0
39898 79796 2 0 0
39938 439318 11 0 0
39939 119817 3 0 0
39957 439527 11 0 0
40038 440418 11 0 0
40213 281491 7 0 0
40522 81044 2 0 0
40566 202830 5 0 0
40584 446424 11 0 0
40908 122724 3 0 0
40909 449999 11 0 0
40931 81862 2 0 0
40955 204775 5 0 0
41150 452650 11 0 0
41209 123627 3 0 0
41221 82442 2 0 0
41232 123696 3 0 0
41360 206800 5 0 0
41451 124353 3 0 0
41574 291018 7 0 0
41751 459261 11 0 0
41756 292292 7 0 0
41883 460713 11 0 0
41933 293531 7 0 0
42045 84090 2 0 0
42101 463111 11 0 0
42163 295141 7 0 0
42333 465663 11 0 0
42381 127143 3 0 0
42655 469205 11 0 0
42698 469678 11 0 0
42735 213675 5 0 0
42788 128364 3 0 0
42808 214040 5 0 0
42843 299901 7 0 0
42862 471482 11 0 0
42866 214330 5 0 0
42886 214430 5 0 0
42897 471867 11 0 0
43026 473286 11 0 0
43110 86220 2 0 0
43241 129723 3 0 0
43286 216430 5 0 0
43291 303037 7 0 0
43478 130434 3 0 0
43493 304451 7 0 0
43557 304899 7 0 0
43581 87162 2 0 0
43605 479655 11 0 0
43628 130884 3 0 0
43683 218415 5 0 0
43757 481327 11 0 0
43803 306621 7 0 0
43888 87776 2 0 0
43915 483065 11 0 0
43970 219850 5 0 0
43976 131928 3 0 0
43986 219930 5 0 0
44072 132216 3 0 0
44265 88530 2 0 0
44513 489643 11 0 0
44520 222600 5 0 0
44599 312193 7 0 0
44647 223235 5 0 0
44800 134400 3 0 0
44876 224380 5 0 0
44955 134865 3 0 0
44961 494571 11 0 0
44966 224830 5 0 0
44999 89998 2 0 0
45001 315007 7 0 0
45091 315637 7 0 0
45139 496529 11 0 0
45342 90684 2 0 0
45374 317618 7 0 0
45438 136314 3 0 0
45492 318444 7 0 0
45563 136689 3 0 0
45614 136842 3 0 0
45703 319921 7 0 0
45768 228840 5 0 0
45822 91644 2 0 0
45843 137529 3 0 0
45900 91800 2 0 0
45910 229550 5 0 0
46041 230205 5 0 0
46161 230805 5 0 0
46430 139290 3 0 0
46534 232670 5 0 0
46550 325850 7 0 0
46712 140136 3 0 0
46778 327446 7 0 0
46873 93746 2 0 0
46976 328832 7 0 0
46983 328881 7 0 0
46988 328916 7 0 0
47022 94044 2 0 0
47073 235365 5 0 0
47191 141573 3 0 0
47228 94456 2 0 0
47254 236270 5 0 0
47352 236760 5 0 0
47390 236950 5 0 0
47544 332808 7 0 0
47662 142986 3 0 0
47793 238965 5 0 0
47830 143490 3 0 0
47885 239425 5 0 0
47953 239765 5 0 0
48016 144048 3 0 0
48181 240905 5 0 0
48305 96610 2 0 0
48386 338702 7 0 0
48642 145926 3 0 0
48882 342174 7 0 0
48978 342846 7 0 0
48979 342853 7 0 0
49064 343448 7 0 0
49213 147639 3 0 0
49222 344554 7 0 0
49232 344624 7 0 0
49376 345632 7 0 0
49431 346017 7 0 0
49452 247260 5 0 0
49504 346528 7 0 0
49541 148623 3 0 0
49559 99118 2 0 0
49621 99242 2 0 0
49804 249020 5 0 0
49851 99702 2 0 0
49976 99952 2 0 0
49983 349881 7 0 0
50012 350084 7 0 0
50060 250300 5 0 0
50113 250565 5 0 0
50160 100320 2 0 0
50285 251425 5 0 0
50354 151062 3 0 0
50434 151302 3 0 0
50496 100992 2 0 0
50512 252560 5 0 0
50517 101034 2 0 0
50554 101108 2 0 0
50623 354361 7 0 0
50631 253155 5 0 0
50653 253265 5 0 0
50675 101350 2 0 0
50681 152043 3 0 0
51036 102072 2 0 0
51080 255400 5 0 0
51083 357581 7 0 0
51098 255490 5 0 0
51192 255960 5 0 0
51475 360325 7 0 0
51585 103170 2 0 0
51603 258015 5 0 0
51659 154977 3 0 0
51725 362075 7 0 0
51774 258870 5 0 0
51850 103700 2 0 0
51929 103858 2 0 0
51994 155982 3 0 0
52056 364392 7 0 0
52134 156402 3 0 0
52187 260935 5 0 0
52294 104588 2 0 0
52305 366135 7 0 0
52607 368249 7 0 0
52693 263465 5 0 0
52703 263515 5 0 0
52861 105722 2 0 0
53045 159135 3 0 0
53249 266245 5 0 0
53288 373016 7 0 0
53379 106758 2 0 0
53565 107130 2 0 0
53581 160743 3 0 0
53613 268065 5 0 0
53731 376117 7 0 0
53794 268970 5 0 0
53838 376866 7 0 0
53845 376915 7 0 0
54140 108280 2 0 0
54228 271140 5 0 0
54235 379645 7 0 0
54327 108654 2 0 0
54458 163374 3 0 0
54522 272610 5 0 0
54723 109446 2 0 0
55002 110004 2 0 0
55082 165246 3 0 0
55086 385602 7 0 0
55099 110198 2 0 0
55128 385896 7 0 0
55185 275925 5 0 0
55509 166527 3 0 0
55613 389291 7 0 0
55710 389970 7 0 0
55865 167595 3 0 0
55987 167961 3 0 0
56139 112278 2 0 0
56385 169155 3 0 0
56395 394765 7 0 0
56584 396088 7 0 0
56676 396732 7 0 0
56686 170058 3 0 0
56782 397474 7 0 0
56917 284585 5 0 0
57120 114240 2 0 0
57142 399994 7 0 0
57185 285925 5 0 0
57249 400743 7 0 0
57328 401296 7 0 0
57330 401310 7 0 0
57366 401562 7 0 0
57372 286860 5 0 0
57444 172332 3 0 0
57491 114982 2 0 0
57591 403137 7 0 0
57775 404425 7 0 0
58260 174780 3 0 0
58330 116660 2 0 0
58441 292205 5 0 0
58484 116968 2 0 0
58506 292530 5 0 0
58514 292570 5 0 0
58526 409682 7 0 0
58540 175620 3 0 0
58595 410165 7 0 0
58606 410242 7 0 0
58615 117230 2 0 0
58697 410879 7 0 0
58796 293980 5 0 0
59004 118008 2 0 0
59077 413539 7 0 0
59134 413938 7 0 0
59154 295770 5 0 0
59187 414309 7 0 0
59203 296015 5 0 0
59275 414925 7 0 0
59367 415569 7 0 0
59679 119358 2 0 0
59684 417788 7 0 0
59686 179058 3 0 0
59701 179103 3 0 0
59704 119408 2 0 0
59748 179244 3 0 0
59775 298875 5 0 0
59906 299530 5 0 0
59987 119974 2 0 0
60028 120056 2 0 0
60185 120370 2 0 0
60257 421799 7 0 0
60291 180873 3 0 0
60292 120584 2 0 0
60347 301735 5 0 0
60352 301760 5 0 0
60600 424200 7 0 0
60656 303280 5 0 0
60774 182322 3 0 0
60828 304140 5 0 0
60833 304165 5 0 0
60946 426622 7 0 0
60967 121934 2 0 0
60973 121946 2 0 0
60993 304965 5 0 0
61144 122288 2 0 0
61263 306315 5 0 0
61283 183849 3 0 0
61303 306515 5 0 0
61367 184101 3 0 0
61449 122898 2 0 0
61494 307470 5 0 0
61518 123036 2 0 0
61613 431291 7 0 0
61637 123274 2 0 0
61757 308785 5 0 0
61777 432439 7 0 0
61809 309045 5 0 0
61815 309075 5 0 0
61900 123800 2 0 0
61913 185739 3 0 0
61920 433440 7 0 0
62041 186123 3 0 0
62320 311600 5 0 0
62324 311620 5 0 0
62456 187368 3 0 0
62464 124928 2 0 0
62541 187623 3 0 0
62571 187713 3 0 0
62644 187932 3 0 0
62761 188283 3 0 0
62762 125524 2 0 0
62781 188343 3 0 0
62821 439747 7 0 0
62891 125782 2 0 0
62908 188724 3 0 0
63039 441273 7 0 0
63111 441777 7 0 0
63328 126656 2 0 0
63359 443513 7 0 0
63447 444129 7 0 0
63464 317320 5 0 0
63484 444388 7 0 0
63619 445333 7 0 0
63624 127248 2 0 0
63634 127268 2 0 0
63672 318360 5 0 0
63729 191187 3 0 0
63781 446467 7 0 0
63825 319125 5 0 0
63938 319690 5 0 0
63962 319810 5 0 0
64190 449330 7 0 0
64264 128528 2 0 0
64435 451045 7 0 0
64446 128892 2 0 0
64619 193857 3 0 0
64640 323200 5 0 0
64656 193968 3 0 0
64761 194283 3 0 0
64875 454125 7 0 0
64978 454846 7 0 0
65117 455819 7 0 0
65173 130346 2 0 0
65246 456722 7 0 0
65337 457359 7 0 0
65451 327255 5 0 0
65452 130904 2 0 0
65669 328345 5 0 0
65778 131556 2 0 0
65854 197562 3 0 0
65886 197658 3 0 0
65956 197868 3 0 0
65987 329935 5 0 0
66325 464275 7 0 0
66345 464415 7 0 0
66414 132828 2 0 0
66417 132834 2 0 0
66440 199320 3 0 0
66672 466704 7 0 0
66726 200178 3 0 0
66761 200283 3 0 0
66763 333815 5 0 0
66848 334240 5 0 0
66991 200973 3 0 0
66993 133986 2 0 0
67011 201033 3 0 0
67113 469791 7 0 0
67151 470057 7 0 0
67430 134860 2 0 0
67545 472815 7 0 0
67551 202653 3 0 0
67685 203055 3 0 0
67702 135404 2 0 0
67710 135420 2 0 0
67750 338750 5 0 0
67788 338940 5 0 0
67877 339385 5 0 0
67887 475209 7 0 0
67952 475664 7 0 0
68057 476399 7 0 0
68198 477386 7 0 0
68281 341405 5 0 0
68446 205338 3 0 0
68454 136908 2 0 0
68556 205668 3 0 0
68593 137186 2 0 0
68601 205803 3 0 0
68627 137254 2 0 0
68696 137392 2 0 0
68700 137400 2 0 0
68809 344045 5 0 0
68821 344105 5 0 0
68887 482209 7 0 0
69080 345400 5 0 0
69476 486332 7 0 0
69483 208449 3 0 0
69490 486430 7 0 0
69675 487725 7 0 0
69899 209697 3 0 0
70065 350325 5 0 0
70201 351005 5 0 0
70270 491890 7 0 0
70328 140656 2 0 0
70393 351965 5 0 0
70422 352110 5 0 0
70473 140946 2 0 0
70570 352850 5 0 0
70573 211719 3 0 0
70595 141190 2 0 0
70654 141308 2 0 0
70657 211971 3 0 0
70752 353760 5 0 0
70781 495467 7 0 0
70905 496335 7 0 0
70952 496664 7 0 0
70967 496769 7 0 0
71028 142056 2 0 0
71034 142068 2 0 0
71073 355365 5 0 0
71118 355590 5 0 0
71159 355795 5 0 0
71206 213618 3 0 0
71278 142556 2 0 0
71379 356895 5 0 0
71408 357040 5 0 0
71428 499996 7 0 0
71517 357585 5 0 0
71594 357970 5 0 0
71654 358270 5 0 0
71698 358490 5 0 0
71715 143430 2 0 0
71782 143564 2 0 0
71795 358975 5 0 0
72070 216210 3 0 0
72164 144328 2 0 0
72266 361330 5 0 0
72274 216822 3 0 0
72297 216891 3 0 0
72598 217794 3 0 0
72635 145270 2 0 0
72721 218163 3 0 0
72782 145564 2 0 0
72786 145572 2 0 0
72791 218373 3 0 0
72844 364220 5 0 0
72873 145746 2 0 0
72905 364525 5 0 0
73020 146040 2 0 0
73069 365345 5 0 0
73082 146164 2 0 0
73539 147078 2 0 0
73563 220689 3 0 0
73597 367985 5 0 0
73690 147380 2 0 0
73819 369095 5 0 0
73899 221697 3 0 0
73969 369845 5 0 0
74050 222150 3 0 0
74153 148306 2 0 0
74234 222702 3 0 0
74300 222900 3 0 0
74355 223065 3 0 0
74548 149096 2 0 0
74635 373175 5 0 0
74657 223971 3 0 0
75369 376845 5 0 0
75378 376890 5 0 0
75617 151234 2 0 0
76026 228078 3 0 0
76228 228684 3 0 0
76334 381670 5 0 0
76400 152800 2 0 0
76466 382330 5 0 0
76577 382885 5 0 0
76654 383270 5 0 0
76703 153406 2 0 0
76756 153512 2 0 0
77569 387845 5 0 0
77599 232797 3 0 0
77648 388240 5 0 0
77768 388840 5 0 0
77802 233406 3 0 0
77940 233820 3 0 0
77943 389715 5 0 0
77949 389745 5 0 0
78077 234231 3 0 0
78102 156204 2 0 0
78228 391140 5 0 0
78397 391985 5 0 0
78415 156830 2 0 0
78550 157100 2 0 0
78558 392790 5 0 0
78642 235926 3 0 0
78686 393430 5 0 0
78742 157484 2 0 0
78788 236364 3 0 0
79437 397185 5 0 0
79485 158970 2 0 0
79661 159322 2 0 0
79726 159452 2 0 0
79781 239343 3 0 0
79839 239517 3 0 0
79877 239631 3 0 0
79940 239820 3 0 0
79976 399880 5 0 0
79992 399960 5 0 0
80141 400705 5 0 0
80191 160382 2 0 0
80355 160710 2 0 0
80493 402465 5 0 0
80585 161170 2 0 0
80748 403740 5 0 0
81069 162138 2 0 0
81187 243561 3 0 0
81199 405995 5 0 0
81728 163456 2 0 0
81773 408865 5 0 0
81789 408945 5 0 0
81796 408980 5 0 0
82195 246585 3 0 0
82211 411055 5 0 0
82278 411390 5 0 0
82386 247158 3 0 0
82435 412175 5 0 0
82489 164978 2 0 0
82504 412520 5 0 0
82618 165236 2 0 0
82669 413345 5 0 0
82695 413475 5 0 0
82720 248160 3 0 0
82778 248334 3 0 0
82913 165826 2 0 0
83058 415290 5 0 0
83110 166220 2 0 0
83163 249489 3 0 0
83168 166336 2 0 0
83477 250431 3 0 0
83479 250437 3 0 0
83490 250470 3 0 0
83530 417650 5 0 0
83538 417690 5 0 0
83685 251055 3 0 0
83709 251127 3 0 0
83714 418570 5 0 0
83784 167568 2 0 0
83858 251574 3 0 0
83927 251781 3 0 0
83939 419695 5 0 0
84011 168022 2 0 0
84230 252690 3 0 0
84298 421490 5 0 0
84339 421695 5 0 0
84477 253431 3 0 0
84538 169076 2 0 0
84582 169164 2 0 0
84637 253911 3 0 0
84690 169380 2 0 0
84732 169464 2 0 0
84744 423720 5 0 0
84774 169548 2 0 0
84970 424850 5 0 0
85325 170650 2 0 0
85350 426750 5 0 0
85388 170776 2 0 0
85389 170778 2 0 0
85429 170858 2 0 0
85447 256341 3 0 0
85516 171032 2 0 0
85591 171182 2 0 0
85784 428920 5 0 0
85798 171596 2 0 0
85843 171686 2 0 0
85860 257580 3 0 0
85873 429365 5 0 0
85896 171792 2 0 0
85967 257901 3 0 0
85974 171948 2 0 0
86103 430515 5 0 0
86268 172536 2 0 0
86322 431610 5 0 0
86436 172872 2 0 0
86471 432355 5 0 0
86496 172992 2 0 0
86544 432720 5 0 0
86619 173238 2 0 0
86625 433125 5 0 0
86855 173710 2 0 0
87302 436510 5 0 0
87333 436665 5 0 0
87343 436715 5 0 0
87383 262149 3 0 0
87393 262179 3 0 0
87530 175060 2 0 0
87694 175388 2 0 0
87809 439045 5 0 0
87979 439895 5 0 0
87989 263967 3 0 0
88544 265632 3 0 0
88633 265899 3 0 0
88697 443485 5 0 0
88872 444360 5 0 0
89029 267087 3 0 0
89441 447205 5 0 0
89653 448265 5 0 0
89674 448370 5 0 0
89695 179390 2 0 0
90027 270081 3 0 0
90146 450730 5 0 0
90167 270501 3 0 0
90458 180916 2 0 0
90683 181366 2 0 0
90829 181658 2 0 0
90936 272808 3 0 0
90980 181960 2 0 0
91011 455055 5 0 0
91182 182364 2 0 0
91185 273555 3 0 0
91272 273816 3 0 0
91371 456855 5 0 0
91431 182862 2 0 0
92028 184056 2 0 0
92048 276144 3 0 0
92336 184672 2 0 0
92356 277068 3 0 0
92532 185064 2 0 0
92754 463770 5 0 0
92919 464595 5 0 0
92923 185846 2 0 0
92959 278877 3 0 0
93018 465090 5 0 0
93040 186080 2 0 0
93171 279513 3 0 0
93247 186494 2 0 0
93264 466320 5 0 0
93319 186638 2 0 0
93433 280299 3 0 0
93489 280467 3 0 0
93576 467880 5 0 0
93606 280818 3 0 0
93668 468340 5 0 0
93798 468990 5 0 0
93859 469295 5 0 0
94015 282045 3 0 0
94263 471315 5 0 0
94317 282951 3 0 0
94327 282981 3 0 0
94328 282984 3 0 0
94758 473790 5 0 0
94851 474255 5 0 0
94968 284904 3 0 0
95066 475330 5 0 0
95230 285690 3 0 0
95309 190618 2 0 0
95439 286317 3 0 0
95464 190928 2 0 0
95742 287226 3 0 0
95750 191500 2 0 0
95788 287364 3 0 0
95813 479065 5 0 0
95936 287808 3 0 0
96027 192054 2 0 0
96074 192148 2 0 0
96133 288399 3 0 0
96296 481480 5 0 0
96499 482495 5 0 0
96589 193178 2 0 0
96799 290397 3 0 0
96820 484100 5 0 0
96961 193922 2 0 0
97124 194248 2 0 0
97249 291747 3 0 0
97324 486620 5 0 0
97528 292584 3 0 0
97543 292629 3 0 0
97552 487760 5 0 0
97598 487990 5 0 0
97652 195304 2 0 0
98155 196310 2 0 0
98319 294957 3 0 0
98405 295215 3 0 0
98441 492205 5 0 0
98492 492460 5 0 0
98636 493180 5 0 0
98700 197400 2 0 0
98742 296226 3 0 0
98752 197504 2 0 0
98775 296325 3 0 0
98788 197576 2 0 0
99085 297255 3 0 0
99215 496075 5 0 0
99244 297732 3 0 0
99311 496555 5 0 0
99328 198656 2 0 0
99504 199008 2 0 0
99568 298704 3 0 0
99711 299133 3 0 0
99897 199794 2 0 0
100116 200232 2 0 0
100234 300702 3 0 0
100300 300900 3 0 0
100616 201232 2 0 0
100732 302196 3 0 0
100780 201560 2 0 0
101061 303183 3 0 0
101172 303516 3 0 0
101330 202660 2 0 0
101476 202952 2 0 0
101721 305163 3 0 0
102268 306804 3 0 0
102296 306888 3 0 0
102397 204794 2 0 0
102423 307269 3 0 0
102499 307497 3 0 0
102604 307812 3 0 0
102757 308271 3 0 0
102858 205716 2 0 0
103267 309801 3 0 0
103356 206712 2 0 0
103549 207098 2 0 0
103762 207524 2 0 0
103899 311697 3 0 0
103958 311874 3 0 0
104029 208058 2 0 0
104066 208132 2 0 0
104241 312723 3 0 0
104331 312993 3 0 0
104417 313251 3 0 0
104439 313317 3 0 0
104454 208908 2 0 0
104521 313563 3 0 0
104771 314313 3 0 0
104832 209664 2 0 0
104911 314733 3 0 0
104922 209844 2 0 0
104926 314778 3 0 0
104987 314961 3 0 0
105268 210536 2 0 0
105425 316275 3 0 0
105680 211360 2 0 0
105735 211470 2 0 0
106044 212088 2 0 0
106076 212152 2 0 0
106238 318714 3 0 0
106354 319062 3 0 0
106564 213128 2 0 0
106947 213894 2 0 0
107072 321216 3 0 0
107157 321471 3 0 0
107160 214320 2 0 0
107169 214338 2 0 0
107255 321765 3 0 0
107359 214718 2 0 0
107427 214854 2 0 0
107554 215108 2 0 0
107569 322707 3 0 0
107577 322731 3 0 0
108113 216226 2 0 0
108160 324480 3 0 0
108304 216608 2 0 0
108819 217638 2 0 0
108824 217648 2 0 0
109324 327972 3 0 0
110469 220938 2 0 0
110531 221062 2 0 0
110606 221212 2 0 0
110832 332496 3 0 0
111055 333165 3 0 0
111281 333843 3 0 0
111626 334878 3 0 0
111707 223414 2 0 0
111892 223784 2 0 0
112080 336240 3 0 0
112250 224500 2 0 0
112515 225030 2 0 0
112581 225162 2 0 0
112931 338793 3 0 0
113164 339492 3 0 0
113353 226706 2 0 0
113765 227530 2 0 0
113796 341388 3 0 0
114440 343320 3 0 0
114586 229172 2 0 0
114594 229188 2 0 0
114759 344277 3 0 0
114794 229588 2 0 0
114876 344628 3 0 0
115019 345057 3 0 0
115073 345219 3 0 0
115465 230930 2 0 0
115499 230998 2 0 0
115512 231024 2 0 0
115757 231514 2 0 0
115788 231576 2 0 0
115886 347658 3 0 0
116110 232220 2 0 0
116142 232284 2 0 0
116244 232488 2 0 0
116394 232788 2 0 0
117022 234044 2 0 0
117037 234074 2 0 0
117159 234318 2 0 0
117288 234576 2 0 0
117475 352425 3 0 0
117563 352689 3 0 0
117682 353046 3 0 0
117970 235940 2 0 0
118034 354102 3 0 0
118468 355404 3 0 0
118539 355617 3 0 0
118859 237718 2 0 0
119008 238016 2 0 0
119355 238710 2 0 0
119384 238768 2 0 0
119764 239528 2 0 0
119930 359790 3 0 0
120046 240092 2 0 0
120192 240384 2 0 0
120203 360609 3 0 0
120287 360861 3 0 0
120445 361335 3 0 0
120455 240910 2 0 0
120458 361374 3 0 0
121069 363207 3 0 0
121380 364140 3 0 0
122166 366498 3 0 0
122590 367770 3 0 0
122861 245722 2 0 0
123022 246044 2 0 0
123128 369384 3 0 0
123287 246574 2 0 0
123417 370251 3 0 0
123929 247858 2 0 0
123962 247924 2 0 0
124028 248056 2 0 0
124057 372171 3 0 0
124213 248426 2 0 0
124573 373719 3 0 0
124605 249210 2 0 0
124649 373947 3 0 0
124679 374037 3 0 0
125182 375546 3 0 0
125474 250948 2 0 0
125557 251114 2 0 0
125668 377004 3 0 0
125956 251912 2 0 0
126013 378039 3 0 0
126165 378495 3 0 0
126175 252350 2 0 0
126269 378807 3 0 0
126345 379035 3 0 0
126448 379344 3 0 0
126679 253358 2 0 0
126985 380955 3 0 0
127031 381093 3 0 0
127334 254668 2 0 0
127613 255226 2 0 0
127779 255558 2 0 0
128043 384129 3 0 0
128048 384144 3 0 0
128149 384447 3 0 0
128304 256608 2 0 0
128406 256812 2 0 0
128446 256892 2 0 0
128461 256922 2 0 0
128701 386103 3 0 0
128740 257480 2 0 0
128794 386382 3 0 0
128935 257870 2 0 0
129036 258072 2 0 0
129209 387627 3 0 0
129463 258926 2 0 0
129492 388476 3 0 0
129635 388905 3 0 0
129732 389196 3 0 0
129811 389433 3 0 0
129965 389895 3 0 0
130071 390213 3 0 0
130118 390354 3 0 0
130646 261292 2 0 0
130661 391983 3 0 0
130726 392178 3 0 0
130762 261524 2 0 0
130985 261970 2 0 0
131042 393126 3 0 0
131233 262466 2 0 0
131272 262544 2 0 0
131331 393993 3 0 0
131530 394590 3 0 0
131684 263368 2 0 0
131720 395160 3 0 0
131761 395283 3 0 0
131787 395361 3 0 0
131895 395685 3 0 0
132268 264536 2 0 0
132370 264740 2 0 0
132530 265060 2 0 0
132550 397650 3 0 0
132718 398154 3 0 0
132817 265634 2 0 0
132855 265710 2 0 0
132866 398598 3 0 0
132869 398607 3 0 0
133205 399615 3 0 0
133998 401994 3 0 0
134213 268426 2 0 0
134484 268968 2 0 0
134569 403707 3 0 0
134583 403749 3 0 0
134606 269212 2 0 0
134939 269878 2 0 0
134952 404856 3 0 0
134973 269946 2 0 0
135265 270530 2 0 0
135334 406002 3 0 0
135493 406479 3 0 0
135589 271178 2 0 0
135815 271630 2 0 0
136195 408585 3 0 0
136208 408624 3 0 0
136249 272498 2 0 0
136398 272796 2 0 0
136483 272966 2 0 0
136861 273722 2 0 0
137341 412023 3 0 0
137676 413028 3 0 0
138074 414222 3 0 0
138187 276374 2 0 0
138264 276528 2 0 0
138369 415107 3 0 0
138391 415173 3 0 0
138409 415227 3 0 0
138739 277478 2 0 0
138843 277686 2 0 0
138899 416697 3 0 0
138903 416709 3 0 0
138995 416985 3 0 0
139105 417315 3 0 0
139404 418212 3 0 0
139530 279060 2 0 0
139652 418956 3 0 0
140258 420774 3 0 0
140446 421338 3 0 0
140629 281258 2 0 0
140688 281376 2 0 0
140768 281536 2 0 0
140807 281614 2 0 0
140899 422697 3 0 0
141115 423345 3 0 0
141207 423621 3 0 0
141409 282818 2 0 0
141443 424329 3 0 0
141898 283796 2 0 0
142081 426243 3 0 0
142171 426513 3 0 0
142256 426768 3 0 0
142405 427215 3 0 0
142661 285322 2 0 0
142682 428046 3 0 0
142939 428817 3 0 0
143048 429144 3 0 0
143142 429426 3 0 0
143217 286434 2 0 0
143247 286494 2 0 0
143266 286532 2 0 0
143335 286670 2 0 0
143485 286970 2 0 0
143511 287022 2 0 0
143807 431421 3 0 0
143875 287750 2 0 0
143884 287768 2 0 0
143964 287928 2 0 0
144210 432630 3 0 0
144249 432747 3 0 0
144370 433110 3 0 0
144468 433404 3 0 0
144774 434322 3 0 0
144808 434424 3 0 0
145279 290558 2 0 0
145339 290678 2 0 0
145547 291094 2 0 0
145789 291578 2 0 0
145959 437877 3 0 0
146019 438057 3 0 0
146191 292382 2 0 0
146222 438666 3 0 0
146227 292454 2 0 0
146683 440049 3 0 0
146864 440592 3 0 0
146903 293806 2 0 0
147262 441786 3 0 0
147287 441861 3 0 0
147828 295656 2 0 0
148142 444426 3 0 0
148310 444930 3 0 0
148475 296950 2 0 0
148702 297404 2 0 0
148712 297424 2 0 0
148830 446490 3 0 0
148831 297662 2 0 0
148960 297920 2 0 0
149146 447438 3 0 0
149688 449064 3 0 0
149701 449103 3 0 0
149840 449520 3 0 0
149904 449712 3 0 0
150429 451287 3 0 0
151067 453201 3 0 0
151518 303036 2 0 0
152214 304428 2 0 0
152305 304610 2 0 0
152337 457011 3 0 0
152415 457245 3 0 0
152541 305082 2 0 0
152839 305678 2 0 0
153101 459303 3 0 0
153130 459390 3 0 0
153155 306310 2 0 0
153239 306478 2 0 0
153373 460119 3 0 0
153599 307198 2 0 0
153709 461127 3 0 0
153767 307534 2 0 0
153857 461571 3 0 0
153896 307792 2 0 0
153947 307894 2 0 0
154127 462381 3 0 0
154304 462912 3 0 0
154587 463761 3 0 0
154784 464352 3 0 0
154795 309590 2 0 0
154826 309652 2 0 0
154828 464484 3 0 0
154852 309704 2 0 0
155269 465807 3 0 0
155319 465957 3 0 0
155470 310940 2 0 0
155646 311292 2 0 0
156158 312316 2 0 0
156221 312442 2 0 0
156233 312466 2 0 0
156358 469074 3 0 0
156479 469437 3 0 0
156532 313064 2 0 0
156788 313576 2 0 0
156975 470925 3 0 0
157050 314100 2 0 0
157150 471450 3 0 0
157195 314390 2 0 0
157208 471624 3 0 0
157245 314490 2 0 0
157266 314532 2 0 0
157428 314856 2 0 0
157804 315608 2 0 0
158101 474303 3 0 0
158181 474543 3 0 0
158239 316478 2 0 0
158482 316964 2 0 0
158545 475635 3 0 0
158578 475734 3 0 0
158726 476178 3 0 0
158796 317592 2 0 0
158871 476613 3 0 0
158960 476880 3 0 0
159076 318152 2 0 0
159103 477309 3 0 0
159213 477639 3 0 0
159319 318638 2 0 0
159350 318700 2 0 0
159352 318704 2 0 0
159467 478401 3 0 0
159528 478584 3 0 0
159532 478596 3 0 0
159686 479058 3 0 0
159720 479160 3 0 0
159907 319814 2 0 0
160039 480117 3 0 0
160207 320414 2 0 0
160292 320584 2 0 0
160340 481020 3 0 0
160561 481683 3 0 0
160587 321174 2 0 0
161041 483123 3 0 0
161097 322194 2 0 0
161104 322208 2 0 0
161108 483324 3 0 0
161464 322928 2 0 0
161648 484944 3 0 0
161758 485274 3 0 0
161947 323894 2 0 0
162152 324304 2 0 0
162244 324488 2 0 0
162263 324526 2 0 0
162311 324622 2 0 0
162374 324748 2 0 0
162674 325348 2 0 0
162679 325358 2 0 0
162746 488238 3 0 0
162754 488262 3 0 0
163003 489009 3 0 0
163064 326128 2 0 0
163162 489486 3 0 0
163429 326858 2 0 0
163436 326872 2 0 0
163455 326910 2 0 0
163881 327762 2 0 0
164362 328724 2 0 0
164601 329202 2 0 0
164873 329746 2 0 0
164947 494841 3 0 0
165061 330122 2 0 0
165854 331708 2 0 0
165939 497817 3 0 0
166088 332176 2 0 0
166298 498894 3 0 0
166656 333312 2 0 0
166712 333424 2 0 0
167294 334588 2 0 0
168081 336162 2 0 0
168103 336206 2 0 0
168372 336744 2 0 0
168578 337156 2 0 0
168854 337708 2 0 0
168899 337798 2 0 0
169361 338722 2 0 0
169945 339890 2 0 0
170316 340632 2 0 0
170324 340648 2 0 0
170737 341474 2 0 0
170918 341836 2 0 0
171191 342382 2 0 0
171200 342400 2 0 0
171237 342474 2 0 0
171292 342584 2 0 0
171460 342920 2 0 0
171517 343034 2 0 0
171520 343040 2 0 0
172369 344738 2 0 0
172525 345050 2 0 0
172534 345068 2 0 0
172859 345718 2 0 0
174272 348544 2 0 0
174658 349316 2 0 0
174836 349672 2 0 0
174976 349952 2 0 0
174979 349958 2 0 0
175243 350486 2 0 0
175828 351656 2 0 0
175859 351718 2 0 0
175947 351894 2 0 0
176399 352798 2 0 0
176496 352992 2 0 0
176524 353048 2 0 0
176748 353496 2 0 0
177349 354698 2 0 0
177804 355608 2 0 0
177927 355854 2 0 0
178095 356190 2 0 0
178416 356832 2 0 0
179081 358162 2 0 0
179368 358736 2 0 0
179461 358922 2 0 0
179519 359038 2 0 0
179528 359056 2 0 0
179546 359092 2 0 0
179780 359560 2 0 0
180596 361192 2 0 0
180644 361288 2 0 0
181005 362010 2 0 0
181095 362190 2 0 0
181181 362362 2 0 0
181183 362366 2 0 0
181321 362642 2 0 0
181904 363808 2 0 0
182097 364194 2 0 0
182355 364710 2 0 0
182471 364942 2 0 0
182743 365486 2 0 0
182876 365752 2 0 0
183014 366028 2 0 0
183145 366290 2 0 0
183220 366440 2 0 0
183379 366758 2 0 0
183564 367128 2 0 0
183919 367838 2 0 0
184105 368210 2 0 0
184523 369046 2 0 0
184576 369152 2 0 0
185323 370646 2 0 0
185701 371402 2 0 0
186373 372746 2 0 0
186435 372870 2 0 0
186610 373220 2 0 0
186883 373766 2 0 0
187063 374126 2 0 0
187295 374590 2 0 0
187868 375736 2 0 0
187920 375840 2 0 0
188201 376402 2 0 0
189797 379594 2 0 0
190816 381632 2 0 0
191128 382256 2 0 0
191204 382408 2 0 0
191259 382518 2 0 0
192085 384170 2 0 0
192141 384282 2 0 0
192173 384346 2 0 0
192459 384918 2 0 0
192609 385218 2 0 0
192895 385790 2 0 0
193464 386928 2 0 0
194056 388112 2 0 0
194067 388134 2 0 0
194432 388864 2 0 0
194879 389758 2 0 0
194952 389904 2 0 0
194953 389906 2 0 0
195249 390498 2 0 0
195913 391826 2 0 0
196376 392752 2 0 0
196482 392964 2 0 0
196893 393786 2 0 0
197716 395432 2 0 0
198090 396180 2 0 0
198207 396414 2 0 0
198584 397168 2 0 0
198641 397282 2 0 0
198698 397396 2 0 0
198709 397418 2 0 0
198731 397462 2 0 0
198852 397704 2 0 0
198881 397762 2 0 0
198965 397930 2 0 0
199007 398014 2 0 0
199145 398290 2 0 0
199348 398696 2 0 0
200509 401018 2 0 0
200684 401368 2 0 0
200890 401780 2 0 0
201541 403082 2 0 0
201978 403956 2 0 0
201998 403996 2 0 0
202123 404246 2 0 0
202321 404642 2 0 0
202819 405638 2 0 0
203068 406136 2 0 0
203230 406460 2 0 0
203343 406686 2 0 0
203411 406822 2 0 0
203528 407056 2 0 0
203555 407110 2 0 0
203585 407170 2 0 0
203843 407686 2 0 0
205661 411322 2 0 0
206156 412312 2 0 0
206586 413172 2 0 0
206684 413368 2 0 0
207194 414388 2 0 0
207842 415684 2 0 0
208700 417400 2 0 0
208867 417734 2 0 0
209239 418478 2 0 0
209471 418942 2 0 0
210170 420340 2 0 0
210725 421450 2 0 0
211290 422580 2 0 0
211777 423554 2 0 0
211788 423576 2 0 0
211934 423868 2 0 0
212089 424178 2 0 0
212491 424982 2 0 0
212840 425680 2 0 0
213191 426382 2 0 0
213511 427022 2 0 0
213549 427098 2 0 0
213701 427402 2 0 0
213733 427466 2 0 0
213873 427746 2 0 0
214187 428374 2 0 0
214467 428934 2 0 0
214661 429322 2 0 0
214677 429354 2 0 0
214692 429384 2 0 0
215130 430260 2 0 0
215141 430282 2 0 0
215745 431490 2 0 0
215953 431906 2 0 0
216055 432110 2 0 0
216238 432476 2 0 0
216317 432634 2 0 0
216442 432884 2 0 0
216798 433596 2 0 0
216985 433970 2 0 0
217185 434370 2 0 0
217331 434662 2 0 0
218174 436348 2 0 0
218213 436426 2 0 0
218331 436662 2 0 0
218494 436988 2 0 0
218581 437162 2 0 0
218663 437326 2 0 0
219062 438124 2 0 0
219574 439148 2 0 0
219731 439462 2 0 0
219883 439766 2 0 0
220309 440618 2 0 0
220526 441052 2 0 0
220615 441230 2 0 0
221077 442154 2 0 0
221267 442534 2 0 0
221315 442630 2 0 0
221386 442772 2 0 0
221611 443222 2 0 0
222202 444404 2 0 0
222449 444898 2 0 0
223187 446374 2 0 0
223297 446594 2 0 0
223325 446650 2 0 0
223810 447620 2 0 0
223881 447762 2 0 0
223916 447832 2 0 0
224538 449076 2 0 0
224744 449488 2 0 0
225078 450156 2 0 0
225168 450336 2 0 0
225215 450430 2 0 0
225281 450562 2 0 0
225299 450598 2 0 0
226519 453038 2 0 0
226841 453682 2 0 0
226926 453852 2 0 0
227318 454636 2 0 0
227427 454854 2 0 0
227665 455330 2 0 0
227682 455364 2 0 0
227777 455554 2 0 0
228015 456030 2 0 0
228985 457970 2 0 0
229058 458116 2 0 0
229562 459124 2 0 0
229802 459604 2 0 0
229964 459928 2 0 0
230296 460592 2 0 0
231098 462196 2 0 0
231136 462272 2 0 0
231286 462572 2 0 0
231332 462664 2 0 0
232054 464108 2 0 0
232099 464198 2 0 0
232283 464566 2 0 0
232405 464810 2 0 0
232459 464918 2 0 0
232490 464980 2 0 0
232656 465312 2 0 0
232935 465870 2 0 0
233254 466508 2 0 0
233494 466988 2 0 0
233641 467282 2 0 0
233716 467432 2 0 0
235142 470284 2 0 0
235531 471062 2 0 0
235635 471270 2 0 0
235670 471340 2 0 0
236009 472018 2 0 0
236065 472130 2 0 0
236440 472880 2 0 0
236855 473710 2 0 0
237030 474060 2 0 0
237164 474328 2 0 0
237783 475566 2 0 0
237828 475656 2 0 0
238054 476108 2 0 0
238273 476546 2 0 0
238395 476790 2 0 0
238951 477902 2 0 0
238998 477996 2 0 0
239081 478162 2 0 0
240007 480014 2 0 0
240180 480360 2 0 0
242124 484248 2 0 0
242789 485578 2 0 0
242958 485916 2 0 0
243369 486738 2 0 0
243488 486976 2 0 0
244477 488954 2 0 0
244744 489488 2 0 0
245386 490772 2 0 0
245401 490802 2 0 0
245449 490898 2 0 0
245657 491314 2 0 0
245915 491830 2 0 0
245952 491904 2 0 0
246463 492926 2 0 0
246485 492970 2 0 0
247473 494946 2 0 0
247552 495104 2 0 0
248083 496166 2 0 0
248491 496982 2 0 0
248637 497274 2 0 0
249365 498730 2 0 0
249512 499024 2 0 0
Case 1: 27444
