1
68 2278 3 8
0 1 7
0 2 24
0 3 23
0 4 12
0 5 42
0 6 47
0 7 34
0 8 53
0 9 72
0 10 27
0 11 83
0 12 23
0 13 83
0 14 52
0 15 13
0 16 52
0 17 25
0 18 61
0 19 84
0 20 88
0 21 19
0 22 99
0 23 77
0 24 13
0 25 82
0 26 45
0 27 84
0 28 53
0 29 78
0 30 52
0 31 83
0 32 66
0 33 92
0 34 56
0 35 95
0 36 70
0 37 9
0 38 52
0 39 85
0 40 37
0 41 70
0 42 19
0 43 1
0 44 31
0 45 77
0 46 42
0 47 75
0 48 41
0 49 40
0 50 7
0 51 24
0 52 41
0 53 65
0 54 24
0 55 88
0 56 88
0 57 31
0 58 81
0 59 32
0 60 49
0 61 52
0 62 4
0 63 71
0 64 96
0 65 57
0 66 27
0 67 82
1 2 22
1 3 32
1 4 25
1 5 29
1 6 56
1 7 99
1 8 12
1 9 55
1 10 47
1 11 8
1 12 85
1 13 21
1 14 60
1 15 7
1 16 79
1 17 94
1 18 76
1 19 15
1 20 67
1 21 56
1 22 90
1 23 17
1 24 27
1 25 81
1 26 88
1 27 30
1 28 79
1 29 77
1 30 59
1 31 5
1 32 36
1 33 47
1 34 95
1 35 72
1 36 41
1 37 44
1 38 51
1 39 19
1 40 13
1 41 10
1 42 62
1 43 35
1 44 72
1 45 76
1 46 76
1 47 10
1 48 25
1 49 69
1 50 99
1 51 32
1 52 50
1 53 41
1 54 59
1 55 2
1 56 52
1 57 26
1 58 14
1 59 69
1 60 89
1 61 94
1 62 71
1 63 97
1 64 62
1 65 39
1 66 6
1 67 79
2 3 42
2 4 52
2 5 33
2 6 9
2 7 87
2 8 36
2 9 82
2 10 33
2 11 4
2 12 1
2 13 7
2 14 26
2 15 84
2 16 27
2 17 40
2 18 41
2 19 99
2 20 39
2 21 24
2 22 47
2 23 82
2 24 7
2 25 86
2 26 100
2 27 89
2 28 98
2 29 51
2 30 39
2 31 36
2 32 65
2 33 91
2 34 84
2 35 83
2 36 4
2 37 26
2 38 28
2 39 6
2 40 41
2 41 28
2 42 71
2 43 46
2 44 68
2 45 100
2 46 52
2 47 15
2 48 75
2 49 63
2 50 95
2 51 72
2 52 60
2 53 13
2 54 38
2 55 37
2 56 64
2 57 98
2 58 86
2 59 51
2 60 13
2 61 91
2 62 77
2 63 48
2 64 67
2 65 14
2 66 66
2 67 67
3 4 71
3 5 40
3 6 2
3 7 20
3 8 35
3 9 93
3 10 61
3 11 6
3 12 21
3 13 76
3 14 19
3 15 15
3 16 79
3 17 55
3 18 27
3 19 10
3 20 98
3 21 55
3 22 85
3 23 26
3 24 14
3 25 97
3 26 13
3 27 78
3 28 52
3 29 21
3 30 43
3 31 51
3 32 23
3 33 37
3 34 11
3 35 73
3 36 23
3 37 64
3 38 50
3 39 22
3 40 28
3 41 65
3 42 57
3 43 66
3 44 98
3 45 4
3 46 71
3 47 83
3 48 60
3 49 64
3 50 17
3 51 72
3 52 14
3 53 28
3 54 67
3 55 18
3 56 67
3 57 93
3 58 80
3 59 76
3 60 70
3 61 53
3 62 97
3 63 11
3 64 98
3 65 67
3 66 93
3 67 93
4 5 60
4 6 53
4 7 62
4 8 54
4 9 37
4 10 78
4 11 60
4 12 74
4 13 87
4 14 42
4 15 53
4 16 78
4 17 23
4 18 25
4 19 58
4 20 78
4 21 42
4 22 25
4 23 81
4 24 52
4 25 24
4 26 31
4 27 23
4 28 72
4 29 2
4 30 76
4 31 82
4 32 3
4 33 45
4 34 30
4 35 22
4 36 87
4 37 93
4 38 59
4 39 46
4 40 57
4 41 46
4 42 59
4 43 30
4 44 21
4 45 70
4 46 75
4 47 78
4 48 90
4 49 28
4 50 99
4 51 81
4 52 32
4 53 100
4 54 53
4 55 63
4 56 32
4 57 25
4 58 75
4 59 40
4 60 60
4 61 10
4 62 99
4 63 27
4 64 44
4 65 36
4 66 33
4 67 6
5 6 94
5 7 30
5 8 43
5 9 13
5 10 23
5 11 69
5 12 3
5 13 45
5 14 92
5 15 69
5 16 70
5 17 13
5 18 41
5 19 78
5 20 83
5 21 49
5 22 12
5 23 75
5 24 85
5 25 50
5 26 74
5 27 44
5 28 48
5 29 12
5 30 43
5 31 18
5 32 21
5 33 67
5 34 81
5 35 49
5 36 16
5 37 99
5 38 74
5 39 18
5 40 67
5 41 58
5 42 47
5 43 57
5 44 8
5 45 56
5 46 37
5 47 80
5 48 13
5 49 93
5 50 15
5 51 10
5 52 37
5 53 16
5 54 56
5 55 49
5 56 76
5 57 28
5 58 45
5 59 50
5 60 84
5 61 53
5 62 39
5 63 2
5 64 34
5 65 9
5 66 20
5 67 39
6 7 68
6 8 92
6 9 13
6 10 3
6 11 73
6 12 100
6 13 70
6 14 36
6 15 35
6 16 41
6 17 9
6 18 8
6 19 35
6 20 25
6 21 10
6 22 14
6 23 51
6 24 36
6 25 6
6 26 41
6 27 64
6 28 62
6 29 86
6 30 81
6 31 17
6 32 59
6 33 74
6 34 94
6 35 53
6 36 9
6 37 98
6 38 98
6 39 29
6 40 31
6 41 56
6 42 51
6 43 45
6 44 74
6 45 34
6 46 75
6 47 81
6 48 48
6 49 76
6 50 63
6 51 68
6 52 28
6 53 62
6 54 55
6 55 19
6 56 48
6 57 59
6 58 13
6 59 62
6 60 100
6 61 100
6 62 22
6 63 27
6 64 8
6 65 11
6 66 51
6 67 24
7 8 28
7 9 11
7 10 19
7 11 11
7 12 67
7 13 64
7 14 97
7 15 100
7 16 47
7 17 43
7 18 67
7 19 96
7 20 6
7 21 67
7 22 11
7 23 54
7 24 81
7 25 28
7 26 68
7 27 18
7 28 22
7 29 74
7 30 74
7 31 19
7 32 24
7 33 34
7 34 71
7 35 37
7 36 86
7 37 98
7 38 81
7 39 45
7 40 37
7 41 46
7 42 8
7 43 38
7 44 13
7 45 65
7 46 2
7 47 35
7 48 55
7 49 89
7 50 42
7 51 97
7 52 17
7 53 37
7 54 12
7 55 88
7 56 67
7 57 57
7 58 30
7 59 9
7 60 23
7 61 10
7 62 96
7 63 75
7 64 99
7 65 93
7 66 15
7 67 7
8 9 35
8 10 59
8 11 62
8 12 41
8 13 43
8 14 97
8 15 64
8 16 28
8 17 52
8 18 79
8 19 88
8 20 44
8 21 39
8 22 77
8 23 49
8 24 14
8 25 43
8 26 28
8 27 90
8 28 96
8 29 13
8 30 1
8 31 36
8 32 59
8 33 55
8 34 6
8 35 1
8 36 4
8 37 3
8 38 7
8 39 98
8 40 78
8 41 63
8 42 53
8 43 47
8 44 13
8 45 61
8 46 44
8 47 7
8 48 61
8 49 82
8 50 1
8 51 43
8 52 29
8 53 46
8 54 67
8 55 54
8 56 21
8 57 64
8 58 50
8 59 47
8 60 17
8 61 60
8 62 35
8 63 70
8 64 16
8 65 77
8 66 92
8 67 54
9 10 98
9 11 43
9 12 39
9 13 91
9 14 87
9 15 26
9 16 94
9 17 21
9 18 46
9 19 78
9 20 36
9 21 68
9 22 90
9 23 100
9 24 99
9 25 98
9 26 20
9 27 64
9 28 18
9 29 68
9 30 74
9 31 9
9 32 94
9 33 3
9 34 28
9 35 26
9 36 31
9 37 57
9 38 26
9 39 49
9 40 80
9 41 56
9 42 61
9 43 86
9 44 80
9 45 23
9 46 54
9 47 31
9 48 34
9 49 23
9 50 20
9 51 76
9 52 35
9 53 40
9 54 69
9 55 29
9 56 74
9 57 65
9 58 54
9 59 80
9 60 17
9 61 45
9 62 32
9 63 41
9 64 3
9 65 51
9 66 47
9 67 36
10 11 27
10 12 27
10 13 27
10 14 77
10 15 30
10 16 15
10 17 63
10 18 36
10 19 86
10 20 90
10 21 10
10 22 68
10 23 75
10 24 1
10 25 24
10 26 41
10 27 33
10 28 92
10 29 89
10 30 8
10 31 27
10 32 48
10 33 43
10 34 41
10 35 94
10 36 15
10 37 25
10 38 34
10 39 58
10 40 22
10 41 16
10 42 14
10 43 70
10 44 91
10 45 83
10 46 21
10 47 43
10 48 23
10 49 22
10 50 99
10 51 15
10 52 31
10 53 64
10 54 65
10 55 58
10 56 13
10 57 52
10 58 56
10 59 63
10 60 32
10 61 49
10 62 44
10 63 94
10 64 79
10 65 68
10 66 31
10 67 40
11 12 31
11 13 69
11 14 90
11 15 36
11 16 85
11 17 94
11 18 48
11 19 32
11 20 37
11 21 99
11 22 24
11 23 64
11 24 3
11 25 7
11 26 44
11 27 96
11 28 43
11 29 67
11 30 99
11 31 78
11 32 49
11 33 48
11 34 28
11 35 86
11 36 16
11 37 62
11 38 23
11 39 92
11 40 68
11 41 8
11 42 25
11 43 76
11 44 28
11 45 66
11 46 68
11 47 87
11 48 97
11 49 29
11 50 92
11 51 55
11 52 36
11 53 16
11 54 95
11 55 77
11 56 7
11 57 96
11 58 82
11 59 70
11 60 84
11 61 49
11 62 99
11 63 61
11 64 15
11 65 46
11 66 73
11 67 100
12 13 3
12 14 68
12 15 64
12 16 38
12 17 81
12 18 4
12 19 43
12 20 14
12 21 20
12 22 2
12 23 29
12 24 74
12 25 52
12 26 77
12 27 28
12 28 60
12 29 21
12 30 19
12 31 50
12 32 48
12 33 93
12 34 6
12 35 69
12 36 24
12 37 34
12 38 78
12 39 18
12 40 4
12 41 39
12 42 99
12 43 100
12 44 78
12 45 24
12 46 7
12 47 74
12 48 98
12 49 39
12 50 65
12 51 20
12 52 5
12 53 88
12 54 55
12 55 71
12 56 14
12 57 97
12 58 84
12 59 90
12 60 65
12 61 38
12 62 66
12 63 69
12 64 66
12 65 21
12 66 83
12 67 81
13 14 97
13 15 76
13 16 21
13 17 91
13 18 48
13 19 55
13 20 29
13 21 4
13 22 75
13 23 39
13 24 29
13 25 42
13 26 44
13 27 90
13 28 13
13 29 81
13 30 58
13 31 11
13 32 43
13 33 81
13 34 93
13 35 13
13 36 50
13 37 49
13 38 41
13 39 93
13 40 4
13 41 11
13 42 34
13 43 46
13 44 52
13 45 88
13 46 51
13 47 43
13 48 61
13 49 92
13 50 46
13 51 83
13 52 2
13 53 65
13 54 23
13 55 29
13 56 44
13 57 28
13 58 87
13 59 22
13 60 94
13 61 3
13 62 94
13 63 88
13 64 10
13 65 38
13 66 94
13 67 18
14 15 43
14 16 72
14 17 84
14 18 98
14 19 86
14 20 42
14 21 55
14 22 84
14 23 64
14 24 25
14 25 31
14 26 87
14 27 54
14 28 30
14 29 38
14 30 5
14 31 56
14 32 68
14 33 6
14 34 100
14 35 21
14 36 53
14 37 74
14 38 21
14 39 72
14 40 70
14 41 59
14 42 32
14 43 35
14 44 25
14 45 81
14 46 13
14 47 48
14 48 19
14 49 47
14 50 40
14 51 10
14 52 86
14 53 33
14 54 85
14 55 22
14 56 44
14 57 42
14 58 23
14 59 44
14 60 71
14 61 6
14 62 63
14 63 3
14 64 65
14 65 49
14 66 11
14 67 100
15 16 42
15 17 10
15 18 46
15 19 73
15 20 70
15 21 97
15 22 100
15 23 73
15 24 69
15 25 60
15 26 93
15 27 75
15 28 57
15 29 94
15 30 21
15 31 38
15 32 29
15 33 43
15 34 22
15 35 38
15 36 67
15 37 16
15 38 39
15 39 57
15 40 90
15 41 44
15 42 41
15 43 83
15 44 66
15 45 22
15 46 66
15 47 42
15 48 90
15 49 86
15 50 45
15 51 10
15 52 84
15 53 57
15 54 6
15 55 20
15 56 18
15 57 11
15 58 90
15 59 19
15 60 91
15 61 87
15 62 48
15 63 25
15 64 87
15 65 20
15 66 60
15 67 91
16 17 20
16 18 74
16 19 71
16 20 37
16 21 81
16 22 90
16 23 9
16 24 100
16 25 52
16 26 31
16 27 68
16 28 88
16 29 51
16 30 13
16 31 29
16 32 99
16 33 13
16 34 2
16 35 76
16 36 57
16 37 96
16 38 52
16 39 3
16 40 46
16 41 17
16 42 62
16 43 26
16 44 42
16 45 4
16 46 10
16 47 45
16 48 94
16 49 66
16 50 58
16 51 24
16 52 64
16 53 4
16 54 15
16 55 51
16 56 76
16 57 100
16 58 50
16 59 9
16 60 97
16 61 2
16 62 27
16 63 51
16 64 100
16 65 27
16 66 41
16 67 7
17 18 53
17 19 3
17 20 96
17 21 18
17 22 22
17 23 12
17 24 2
17 25 93
17 26 30
17 27 61
17 28 43
17 29 86
17 30 24
17 31 57
17 32 61
17 33 54
17 34 100
17 35 78
17 36 60
17 37 3
17 38 85
17 39 20
17 40 38
17 41 82
17 42 39
17 43 85
17 44 29
17 45 19
17 46 100
17 47 75
17 48 22
17 49 79
17 50 43
17 51 76
17 52 47
17 53 100
17 54 49
17 55 93
17 56 34
17 57 8
17 58 70
17 59 94
17 60 96
17 61 82
17 62 55
17 63 14
17 64 14
17 65 79
17 66 16
17 67 15
18 19 96
18 20 80
18 21 53
18 22 90
18 23 59
18 24 26
18 25 48
18 26 82
18 27 79
18 28 38
18 29 51
18 30 99
18 31 31
18 32 23
18 33 92
18 34 35
18 35 71
18 36 32
18 37 98
18 38 95
18 39 65
18 40 63
18 41 64
18 42 99
18 43 54
18 44 11
18 45 38
18 46 26
18 47 26
18 48 51
18 49 12
18 50 65
18 51 41
18 52 61
18 53 33
18 54 91
18 55 93
18 56 36
18 57 28
18 58 12
18 59 26
18 60 56
18 61 27
18 62 5
18 63 43
18 64 51
18 65 15
18 66 36
18 67 98
19 20 76
19 21 31
19 22 38
19 23 62
19 24 8
19 25 41
19 26 91
19 27 37
19 28 7
19 29 70
19 30 92
19 31 6
19 32 25
19 33 21
19 34 35
19 35 38
19 36 98
19 37 25
19 38 81
19 39 44
19 40 42
19 41 41
19 42 63
19 43 95
19 44 8
19 45 24
19 46 46
19 47 77
19 48 19
19 49 10
19 50 19
19 51 26
19 52 38
19 53 70
19 54 50
19 55 47
19 56 35
19 57 22
19 58 22
19 59 2
19 60 81
19 61 43
19 62 92
19 63 38
19 64 76
19 65 64
19 66 35
19 67 78
20 21 22
20 22 77
20 23 43
20 24 67
20 25 8
20 26 61
20 27 43
20 28 22
20 29 67
20 30 57
20 31 18
20 32 74
20 33 50
20 34 76
20 35 89
20 36 39
20 37 63
20 38 79
20 39 74
20 40 36
20 41 28
20 42 70
20 43 10
20 44 87
20 45 47
20 46 77
20 47 73
20 48 84
20 49 28
20 50 92
20 51 95
20 52 83
20 53 61
20 54 96
20 55 2
20 56 33
20 57 43
20 58 88
20 59 55
20 60 86
20 61 46
20 62 50
20 63 28
20 64 24
20 65 5
20 66 88
20 67 88
21 22 65
21 23 89
21 24 21
21 25 90
21 26 89
21 27 44
21 28 74
21 29 71
21 30 31
21 31 91
21 32 68
21 33 42
21 34 78
21 35 14
21 36 3
21 37 26
21 38 92
21 39 77
21 40 27
21 41 58
21 42 43
21 43 24
21 44 34
21 45 58
21 46 75
21 47 5
21 48 78
21 49 52
21 50 87
21 51 71
21 52 52
21 53 73
21 54 39
21 55 71
21 56 3
21 57 95
21 58 79
21 59 6
21 60 88
21 61 49
21 62 42
21 63 97
21 64 13
21 65 18
21 66 58
21 67 47
22 23 9
22 24 35
22 25 61
22 26 47
22 27 31
22 28 21
22 29 94
22 30 70
22 31 99
22 32 64
22 33 89
22 34 14
22 35 10
22 36 37
22 37 36
22 38 20
22 39 85
22 40 99
22 41 10
22 42 84
22 43 94
22 44 38
22 45 95
22 46 5
22 47 37
22 48 7
22 49 49
22 50 49
22 51 36
22 52 4
22 53 3
22 54 19
22 55 2
22 56 77
22 57 48
22 58 88
22 59 82
22 60 33
22 61 73
22 62 81
22 63 26
22 64 9
22 65 99
22 66 72
22 67 26
23 24 58
23 25 1
23 26 50
23 27 81
23 28 79
23 29 45
23 30 59
23 31 76
23 32 31
23 33 43
23 34 20
23 35 95
23 36 97
23 37 78
23 38 33
23 39 22
23 40 66
23 41 83
23 42 23
23 43 89
23 44 85
23 45 37
23 46 38
23 47 40
23 48 39
23 49 52
23 50 20
23 51 68
23 52 16
23 53 1
23 54 85
23 55 84
23 56 86
23 57 47
23 58 12
23 59 82
23 60 39
23 61 81
23 62 76
23 63 54
23 64 91
23 65 41
23 66 35
23 67 27
24 25 46
24 26 81
24 27 46
24 28 43
24 29 84
24 30 88
24 31 81
24 32 73
24 33 67
24 34 50
24 35 97
24 36 41
24 37 22
24 38 49
24 39 75
24 40 68
24 41 42
24 42 89
24 43 82
24 44 21
24 45 31
24 46 93
24 47 8
24 48 37
24 49 73
24 50 20
24 51 52
24 52 36
24 53 8
24 54 42
24 55 23
24 56 28
24 57 58
24 58 87
24 59 90
24 60 38
24 61 55
24 62 83
24 63 42
24 64 42
24 65 83
24 66 37
24 67 13
25 26 85
25 27 71
25 28 92
25 29 67
25 30 7
25 31 11
25 32 46
25 33 45
25 34 60
25 35 24
25 36 45
25 37 82
25 38 53
25 39 53
25 40 1
25 41 80
25 42 88
25 43 4
25 44 39
25 45 99
25 46 64
25 47 55
25 48 66
25 49 90
25 50 23
25 51 86
25 52 88
25 53 59
25 54 11
25 55 41
25 56 43
25 57 88
25 58 36
25 59 27
25 60 12
25 61 75
25 62 18
25 63 88
25 64 44
25 65 94
25 66 21
25 67 17
26 27 20
26 28 11
26 29 93
26 30 22
26 31 80
26 32 86
26 33 30
26 34 100
26 35 46
26 36 36
26 37 61
26 38 75
26 39 49
26 40 28
26 41 74
26 42 91
26 43 76
26 44 40
26 45 78
26 46 54
26 47 56
26 48 85
26 49 70
26 50 86
26 51 30
26 52 92
26 53 46
26 54 30
26 55 60
26 56 54
26 57 23
26 58 47
26 59 38
26 60 54
26 61 97
26 62 63
26 63 63
26 64 55
26 65 61
26 66 81
26 67 90
27 28 42
27 29 76
27 30 56
27 31 44
27 32 16
27 33 2
27 34 71
27 35 13
27 36 80
27 37 65
27 38 83
27 39 66
27 40 4
27 41 27
27 42 55
27 43 30
27 44 14
27 45 83
27 46 46
27 47 35
27 48 7
27 49 61
27 50 55
27 51 4
27 52 81
27 53 100
27 54 59
27 55 90
27 56 92
27 57 4
27 58 95
27 59 6
27 60 47
27 61 87
27 62 24
27 63 33
27 64 18
27 65 17
27 66 87
27 67 42
28 29 11
28 30 37
28 31 49
28 32 7
28 33 82
28 34 83
28 35 88
28 36 62
28 37 60
28 38 49
28 39 21
28 40 24
28 41 54
28 42 80
28 43 34
28 44 77
28 45 15
28 46 43
28 47 40
28 48 61
28 49 72
28 50 31
28 51 70
28 52 38
28 53 81
28 54 35
28 55 20
28 56 34
28 57 12
28 58 89
28 59 60
28 60 88
28 61 38
28 62 30
28 63 51
28 64 41
28 65 28
28 66 15
28 67 4
29 30 42
29 31 22
29 32 35
29 33 37
29 34 29
29 35 97
29 36 10
29 37 97
29 38 51
29 39 51
29 40 26
29 41 36
29 42 38
29 43 10
29 44 80
29 45 31
29 46 17
29 47 7
29 48 54
29 49 55
29 50 41
29 51 89
29 52 96
29 53 67
29 54 4
29 55 88
29 56 11
29 57 75
29 58 72
29 59 86
29 60 12
29 61 97
29 62 100
29 63 57
29 64 88
29 65 5
29 66 83
29 67 82
30 31 5
30 32 46
30 33 30
30 34 26
30 35 2
30 36 9
30 37 74
30 38 43
30 39 17
30 40 58
30 41 52
30 42 88
30 43 70
30 44 93
30 45 10
30 46 13
30 47 11
30 48 63
30 49 30
30 50 92
30 51 96
30 52 30
30 53 81
30 54 50
30 55 37
30 56 60
30 57 17
30 58 64
30 59 77
30 60 52
30 61 35
30 62 87
30 63 9
30 64 98
30 65 41
30 66 38
30 67 80
31 32 89
31 33 66
31 34 39
31 35 84
31 36 84
31 37 97
31 38 26
31 39 3
31 40 38
31 41 7
31 42 70
31 43 36
31 44 52
31 45 57
31 46 26
31 47 52
31 48 59
31 49 48
31 50 15
31 51 95
31 52 88
31 53 58
31 54 60
31 55 28
31 56 76
31 57 74
31 58 21
31 59 19
31 60 37
31 61 53
31 62 87
31 63 83
31 64 28
31 65 97
31 66 60
31 67 29
32 33 15
32 34 68
32 35 47
32 36 9
32 37 42
32 38 31
32 39 91
32 40 27
32 41 37
32 42 58
32 43 43
32 44 26
32 45 33
32 46 52
32 47 27
32 48 21
32 49 81
32 50 75
32 51 23
32 52 24
32 53 61
32 54 25
32 55 23
32 56 9
32 57 81
32 58 33
32 59 35
32 60 20
32 61 25
32 62 3
32 63 60
32 64 68
32 65 23
32 66 21
32 67 32
33 34 24
33 35 33
33 36 25
33 37 33
33 38 92
33 39 7
33 40 44
33 41 7
33 42 39
33 43 5
33 44 64
33 45 34
33 46 62
33 47 13
33 48 73
33 49 41
33 50 12
33 51 19
33 52 70
33 53 92
33 54 96
33 55 56
33 56 23
33 57 4
33 58 76
33 59 19
33 60 36
33 61 31
33 62 6
33 63 48
33 64 56
33 65 4
33 66 65
33 67 66
34 35 68
34 36 28
34 37 91
34 38 85
34 39 24
34 40 25
34 41 13
34 42 92
34 43 7
34 44 79
34 45 86
34 46 95
34 47 88
34 48 92
34 49 71
34 50 84
34 51 72
34 52 26
34 53 14
34 54 4
34 55 60
34 56 14
34 57 5
34 58 14
34 59 26
34 60 79
34 61 27
34 62 32
34 63 1
34 64 67
34 65 72
34 66 51
34 67 5
35 36 75
35 37 45
35 38 42
35 39 56
35 40 66
35 41 41
35 42 99
35 43 70
35 44 93
35 45 17
35 46 17
35 47 28
35 48 16
35 49 19
35 50 8
35 51 17
35 52 79
35 53 10
35 54 3
35 55 29
35 56 48
35 57 45
35 58 41
35 59 7
35 60 18
35 61 80
35 62 96
35 63 17
35 64 93
35 65 19
35 66 87
35 67 36
36 37 55
36 38 33
36 39 2
36 40 86
36 41 69
36 42 77
36 43 46
36 44 93
36 45 65
36 46 75
36 47 88
36 48 51
36 49 99
36 50 13
36 51 52
36 52 2
36 53 57
36 54 78
36 55 47
36 56 69
36 57 58
36 58 51
36 59 7
36 60 88
36 61 69
36 62 13
36 63 59
36 64 38
36 65 92
36 66 67
36 67 9
37 38 14
37 39 16
37 40 34
37 41 35
37 42 35
37 43 100
37 44 50
37 45 37
37 46 47
37 47 88
37 48 3
37 49 75
37 50 96
37 51 7
37 52 13
37 53 10
37 54 61
37 55 55
37 56 35
37 57 22
37 58 78
37 59 8
37 60 93
37 61 10
37 62 25
37 63 62
37 64 9
37 65 4
37 66 80
37 67 60
38 39 15
38 40 11
38 41 86
38 42 28
38 43 55
38 44 96
38 45 41
38 46 15
38 47 62
38 48 81
38 49 17
38 50 48
38 51 59
38 52 41
38 53 83
38 54 17
38 55 99
38 56 34
38 57 13
38 58 34
38 59 72
38 60 31
38 61 80
38 62 75
38 63 26
38 64 44
38 65 27
38 66 99
38 67 12
39 40 36
39 41 67
39 42 77
39 43 63
39 44 72
39 45 44
39 46 28
39 47 35
39 48 33
39 49 3
39 50 91
39 51 47
39 52 58
39 53 21
39 54 51
39 55 1
39 56 66
39 57 74
39 58 39
39 59 42
39 60 7
39 61 65
39 62 37
39 63 62
39 64 60
39 65 12
39 66 51
39 67 72
40 41 72
40 42 94
40 43 75
40 44 42
40 45 17
40 46 62
40 47 19
40 48 46
40 49 11
40 50 49
40 51 38
40 52 12
40 53 25
40 54 76
40 55 97
40 56 21
40 57 62
40 58 94
40 59 56
40 60 80
40 61 3
40 62 26
40 63 60
40 64 13
40 65 83
40 66 37
40 67 77
41 42 77
41 43 21
41 44 70
41 45 95
41 46 22
41 47 99
41 48 87
41 49 54
41 50 94
41 51 44
41 52 12
41 53 27
41 54 7
41 55 51
41 56 37
41 57 28
41 58 56
41 59 90
41 60 28
41 61 12
41 62 37
41 63 12
41 64 67
41 65 84
41 66 17
41 67 48
42 43 99
42 44 7
42 45 43
42 46 53
42 47 95
42 48 28
42 49 82
42 50 50
42 51 77
42 52 36
42 53 56
42 54 24
42 55 99
42 56 47
42 57 92
42 58 34
42 59 29
42 60 93
42 61 60
42 62 39
42 63 56
42 64 18
42 65 2
42 66 82
42 67 31
43 44 89
43 45 59
43 46 81
43 47 69
43 48 15
43 49 47
43 50 70
43 51 67
43 52 96
43 53 33
43 54 32
43 55 64
43 56 72
43 57 28
43 58 1
43 59 66
43 60 62
43 61 11
43 62 13
43 63 10
43 64 18
43 65 83
43 66 74
43 67 2
44 45 35
44 46 61
44 47 84
44 48 7
44 49 94
44 50 24
44 51 53
44 52 21
44 53 73
44 54 8
44 55 74
44 56 11
44 57 27
44 58 80
44 59 26
44 60 31
44 61 56
44 62 65
44 63 22
44 64 4
44 65 41
44 66 29
44 67 22
45 46 82
45 47 15
45 48 1
45 49 47
45 50 71
45 51 24
45 52 38
45 53 74
45 54 51
45 55 64
45 56 57
45 57 41
45 58 10
45 59 92
45 60 12
45 61 86
45 62 62
45 63 47
45 64 61
45 65 37
45 66 99
45 67 48
46 47 23
46 48 82
46 49 49
46 50 25
46 51 52
46 52 91
46 53 100
46 54 57
46 55 82
46 56 11
46 57 69
46 58 36
46 59 13
46 60 46
46 61 15
46 62 86
46 63 15
46 64 84
46 65 85
46 66 42
46 67 45
47 48 37
47 49 2
47 50 55
47 51 21
47 52 49
47 53 43
47 54 32
47 55 18
47 56 89
47 57 9
47 58 3
47 59 35
47 60 35
47 61 20
47 62 42
47 63 9
47 64 51
47 65 89
47 66 57
47 67 38
48 49 15
48 50 11
48 51 65
48 52 100
48 53 50
48 54 37
48 55 79
48 56 34
48 57 6
48 58 79
48 59 68
48 60 72
48 61 96
48 62 91
48 63 48
48 64 49
48 65 27
48 66 44
48 67 5
49 50 30
49 51 86
49 52 97
49 53 30
49 54 86
49 55 9
49 56 70
49 57 84
49 58 43
49 59 60
49 60 26
49 61 48
49 62 72
49 63 20
49 64 4
49 65 50
49 66 49
49 67 97
50 51 61
50 52 51
50 53 22
50 54 43
50 55 85
50 56 67
50 57 60
50 58 47
50 59 9
50 60 4
50 61 60
50 62 76
50 63 56
50 64 63
50 65 21
50 66 5
50 67 24
51 52 33
51 53 22
51 54 88
51 55 48
51 56 77
51 57 82
51 58 29
51 59 98
51 60 69
51 61 6
51 62 81
51 63 99
51 64 92
51 65 76
51 66 26
51 67 40
52 53 80
52 54 76
52 55 1
52 56 91
52 57 72
52 58 74
52 59 83
52 60 27
52 61 57
52 62 37
52 63 44
52 64 14
52 65 40
52 66 25
52 67 36
53 54 85
53 55 25
53 56 61
53 57 39
53 58 62
53 59 82
53 60 32
53 61 17
53 62 92
53 63 99
53 64 15
53 65 17
53 66 37
53 67 52
54 55 3
54 56 13
54 57 51
54 58 6
54 59 5
54 60 15
54 61 83
54 62 99
54 63 92
54 64 77
54 65 83
54 66 1
54 67 3
55 56 17
55 57 4
55 58 43
55 59 93
55 60 28
55 61 29
55 62 87
55 63 53
55 64 40
55 65 72
55 66 55
55 67 41
56 57 35
56 58 31
56 59 12
56 60 75
56 61 42
56 62 83
56 63 10
56 64 26
56 65 63
56 66 9
56 67 31
57 58 52
57 59 3
57 60 54
57 61 92
57 62 24
57 63 47
57 64 54
57 65 100
57 66 69
57 67 14
58 59 85
58 60 27
58 61 42
58 62 19
58 63 50
58 64 73
58 65 6
58 66 9
58 67 77
59 60 60
59 61 29
59 62 66
59 63 45
59 64 73
59 65 29
59 66 15
59 67 64
60 61 11
60 62 90
60 63 3
60 64 7
60 65 88
60 66 91
60 67 82
61 62 77
61 63 34
61 64 72
61 65 35
61 66 51
61 67 94
62 63 100
62 64 66
62 65 58
62 66 48
62 67 68
63 64 11
63 65 70
63 66 66
63 67 52
64 65 92
64 66 15
64 67 42
65 66 5
65 67 71
66 67 31
