0 0 0 0
1 1 0 0 (0)1
1 0 1 0 (0)1
2 1 1 0 (0)1 (1)1

5 1 1 5
(0,1)20 (1,2)30 (2,3)30 (3,4)10 (3,1)30 
(0)100 (4)100

5 1 1 7
(0,1)14 (0,2)12
(1,3)8
(2,1)5 (2,4)16
(3,2)7 (3,4)10
(0)100 (4)100

6 1 1 10
(0,1)16 (0,2)13
(1,2)10 (1,3)12
(2,1)4 (2,4)14
(3,2)9 (3,5)20
(4,3)7 (4,5)4
(0)100 (5)100

11 1 1 21 
(0,1)30 (0,2)5 (0,3)20 (0,5)5 (0,10)100
(1,4)10 (1,8)10
(2,5)10
(3,2)5 (3,6)20
(4,7)20
(5,5)60 (5,6)40 (5,10)20
(6,9)40
(8,2)15 (8,4)10 (8,5)10 (8,7)5
(9,8)30 (9,10)10
(0)1000 (10)1000

11 1 3 22 
(0,1)30 (0,2)5 (0,3)20 (0,5)5 (0,10)100
(1,4)10 (1,8)10
(2,5)10
(3,2)5 (3,6)20
(4,7)20
(5,5)60 (5,6)40 (5,10)20
(6,9)40
(7,0)20
(8,2)15 (8,4)10 (8,5)10 (8,7)5
(9,8)30 (9,10)10
(0)1000 (5)1000 (7)1000 (10)1000

